3
-1
-1
0
1
0
-1 0 -1
-6 0 -3 3 -1
0 0 1
4 0 2 3 1
0 0 -2 3 2 0 -1
-12 0 -1 3 -1
-8 0 -6 3 -2
-5
0
0
0
0
0
0
0
0
0
0
0
0
0
0
0
0
0
0
0
0
0
0
0
0
0
0
0
0
0
0
0
0
0
0
0
0
0
0
0
0
0
0
0
0
0
0
0
0
0
0
0
0
0
3 0 5 3 -3 0 1
14 0 5 3 1
3
0
0
0
-1
0
0
0
0
-1
0
0
0
0
0
1
0
-1
0
0
1 0 1
5 0 3 3 1
3
0
0
-3 0 -4 3 1
-5
0
0
0
2 0 1 0 1 1 -1
3 0 3 0 3
4 0 1 0 1
1 1 1
0 1 1
-1 1 1
-1 0 -1 0 2 0 1 1 1
-5 0 -3 0 2 1 1
-3
0
0
0
0
0
0
0
0
0
0
0
0
0
0
0
0
1
-1
0
0
4
0
0 0 1
0 0 -1
-1
0
-1 0 -1
-4 0 -3 3 -1
-2 0 1
5 0 2 3 1
0 0 -2 3 2 0 -1
-12 0 -1
-8 0 -6 3 -1
-5
0
0
0
0
0
0
0
0
0
0
0
0
0
0
0
0
0
0
0
0
0
0
0
0
0
0
0
0
0
0
0
0
0
0
0
0
0
0
0
0
0
0
0
0
0
0
0
0
0
0
0
0
0
3 0 5 3 -3 0 1
13 0 5 3 1
4
0
0
0
-1
0
0
0
-1
0
0
0
0
0
0
0
0
0
0
0
1
4 0 3 3 1
3 0 1
2
0 0 -1
-4 0 -4 0 1 2 1
-5
0
0
2 0 2 0 2 1 -1
5 0 2 0 2 1 1
3 0 1 0 1
1 1 1
0
0
0
-1
-1 0 -2 0 1 1 -1 0 1
-7 0 -2 0 2 1 1
-2
0
0
0
0
0
0
0
0
0
0
-1
1
0
0
1
0
-1
0
1
4
-1
1 0 1
0 0 -1
-1
0
-1
-4 0 -3 3 -1
-1 0 1
4 0 2 3 1
0 0 -1 3 1 0 -1
-12 0 -1
-8 0 -6 3 -1
-5
0
0
0
0
0
0
0
0
0
0
0
0
0
0
0
0
0
0
0
0
0
0
0
0
0
0
0
0
0
0
0
0
0
0
0
0
0
0
0
0
0
0
0
0
0
0
0
0
0
0
0
0
0
3 0 5 3 -3 0 1
13 0 5 3 1
4
0
0
0
-1
0
0
0
-1
0
0
0
0
0
0
0
1
-1
0
0
1
4 0 3
3
2 0 1
1
-4 0 -4 0 -1 2 1
-6
0
1 0 2 0 1 1 -1 0 -1
7 0 2 0 2 1 1
3
0
1
0
0
0
-1
0 0 -1
-4 0 -3 0 2 1 -1 0 1
-7
0
1
0
-1
0
0
0
0
0
0
0
0
0
0
1
0
-1
0
1
4 1 1
-1
1 0 1
0 0 -1
-1
0
-1
-2 0 -2 0 1 1 -1
-1 0 1 0 1
2 0 1
0 0 -1 3 1 0 -1
-12 0 -1 3 -1
-7 0 -6 3 -1
-6
0
0
0
0
0
0
0
0
0
0
0
0
0
0
0
0
0
0
0
0
0
0
0
0
0
0
0
0
0
0
0
0
0
0
0
0
0
0
0
0
0
0
0
0
0
0
0
0
0
0
0
0
0
3 0 5 3 -3 0 1
13 0 5 3 1
4
0
0
-1
0
0
0
0
-1
0
0
0
0
0
0
0
1
0
-1
0
1
4 0 4
3
1 0 1 0 -1
-2 0 -3 0 -3 2 1 2 1
-6 1 -1 0 -1 0 -1 3 -1
0
0
6 0 4 0 2 2 1
5
0
1
0
0
0
0
0
-1
-1 0 -1 0 1
-8 0 -3 0 1 1 1 0 -1
-2
0
0
0
0
0
0
-1
1
0
0
0
0
0
0
0
0
0
0
2 0 -1
-2 0 -1
-1
0
0
1
-1
-1 0 -1
-1
1 0 1
-1 0 -1 3 1 0 -1
-12 0 -1 3 -1
-7 0 -6 3 -1
-6
0
0
0
0
0
0
0
0
0
0
0
0
0
0
0
0
0
0
0
0
0
0
0
0
0
0
0
0
0
0
0
0
0
0
0
0
0
0
0
0
0
0
0
0
0
0
0
0
0
0
0
0
0
3 0 4 3 -3 0 1
13 0 6 3 1
4
0
0
-1
0
0
0
0
-1
0
0
0
0
0
0
1
0
-1
0
0
0
4 0 4 0 -1
4
-3 0 -2 0 -1 2 1
-1 0 1 0 1 0 -1 0 -1
1 1 3
-3 0 -1 0 1 1 1
2 0 3 0 2 1 -1 0 -1
7 0 1 0 1 1 1
1
1
0
0
0
0
0
0
0
-1 0 -1
-5 0 -4 0 1
-6
0
0
0
0
0
0
0
0
0
0
0
0
0
0
0
0
0
0
2 0 -1
-3 0 -1
0
0
0
1
-1
-1 0 -1
-1
1 0 1
0 0 -1 3 1
-13 0 -1 3 -1 0 -1
-7 0 -6
-6
0
0
0
0
0
0
0
0
0
0
0
0
0
0
0
0
0
0
0
0
0
0
0
0
0
0
0
0
0
0
0
0
0
0
0
0
0
0
0
0
0
0
0
0
0
0
0
0
0
0
0
0
0
3 0 4 3 -3 0 1
13 0 6 3 1
4
0
0
-1
0
0
0
-1
0
0
0
0
0
0
0
1
0
-1
0
0
0
1 0 1 0 -1 1 1
4 1 -2
0 1 1 1 -1 0 -1
3 0 1 0 1 1 1 0 1
1
-3 0 -2 0 2
2 0 4 0 2 1 1
4
0
1
0
0
0
0
-1
1 0 1
0
0
-3 0 -2 0 1 2 1
-7 0 -2 0 1 1 1 0 -1
-2
0
0
0
0
0
0
0
0
0
0
0
0
0
0
0
0
0
3 1 -1
-1
0 0 1
0
-1
1
-1
-1 0 -1
-1
1 0 1
0 0 -1 3 1
-13 0 -1 3 -1 0 -1
-7 0 -6
-6
0
0
0
0
0
0
0
0
0
0
0
0
0
0
0
0
0
0
0
0
0
0
0
0
0
0
0
0
0
0
0
0
0
0
0
0
0
0
0
0
0
0
0
0
0
0
0
0
0
0
0
0
0
3 0 4 3 -3 0 1
13 0 5 3 1
4
0
0
-1
0
0
0
-1
0
0
0
0
0
0
0
1
-1
0
0
0
0
1
1 0 2 3 -1
6 0 1 0 1 1 1
0 0 1
2
-1 1 1
2 0 1
2
0
0
0
0
-1
1
-2
2
0
0
-1 0 -1
-7 0 -5 0 1 2 -1
-4
0
0
0
0
0
0
0
0
0
0
0
0
0
0
0
0
0
4
0
1 0 1
-1 0 -1
-1
0
0
-1 0 -1
-1
0
1 0 -1 3 1
-13 0 -1 3 -1
-7 0 -6
-6
0
0
0
0
0
0
0
0
0
0
0
0
0
0
0
0
0
0
0
0
0
0
0
0
0
0
0
0
0
0
0
0
0
0
0
0
0
0
0
0
0
0
0
0
0
0
0
0
0
0
0
0
0
3 0 5 3 -3 0 1 7 -1
13 0 5 3 1
4
0
0
0
-1
0
0
-1
0
0
0
0
0
0
0
0
0
0
0
0
0
1
1 0 1 3 -1
4 1 -1 1 -1
2 0 2 0 1
2
0 4 -1
2
1
0
0
0
0
-1
0
0
1
0
0
0 0 -1
-5 0 -5 0 1 2 1
-7
0
0
0
0
0
0
-1
1
0
0
0
0
0
0
0
0
0
4
0
1 0 1
-1 0 -1
-1
-1
1
-1 0 -1
-1
0
1 4 1
-13 0 -2 3 -1
-6 0 -6
-7
0
0
0
0
0
0
0
0
0
0
0
0
0
0
0
0
0
0
0
0
0
0
0
0
0
0
0
0
0
0
0
0
0
0
0
0
0
0
0
0
0
0
0
0
0
0
0
0
0
0
0
0
0
3 0 4 3 -3 0 1 7 -1
13 0 5 3 1
4
0
0
0
-1
0
0
0
-1
0
0
0
0
0
0
0
0
0
0
0
0
0
1 0 1
4 0 2 0 1 2 -1
5 0 1 0 1
1
0 0 1
2
0
0
0
0
0
0
0
0
0
0
0
0
-4 0 -4 0 1 2 2
-8
0
0
0
0
0
0
-1
0
0
0
1
0
0
0
0
0
0
3 1 1
-1 0 -1
0
0
-1
0
-1
0
-1
1
0 0 -1 3 1
-12 0 -2 3 -2 0 -1
-7 0 -6
-7
0
0
0
0
0
0
0
0
0
0
0
0
0
0
0
0
0
0
0
0
0
0
0
0
0
0
0
0
0
0
0
0
0
0
0
0
0
0
0
0
0
0
0
0
0
0
0
0
0
0
0
0
0
3 0 4 3 -3 0 1 7 -1
13 0 6 3 2
4
0
0
-1
0
0
0
-1
0
0
0
0
0
0
0
0
0
0
0
0
0
0
2 0 1
6 0 3 0 1 2 1
3
0
1 0 1
1
0
0
0
0
0
0
0
0
0
0
0
0
-2 0 -3 3 2 0 -1
-10 0 -1
0
0
0
0
0
0
-1
0
0
0
1
0
0
0
0
0
2 0 3 0 1 1 -1 0 -1
2
-2 0 -1
-1
0
0
0
0
-1 0 -1
-1
1
0 0 -1 3 1
-12 0 -3 3 -2 0 -1
-7 0 -6
-7
0
0
0
0
0
0
0
0
0
0
0
0
0
0
0
0
0
0
0
0
0
0
0
0
0
0
0
0
0
0
0
0
0
0
0
0
0
0
0
0
0
0
0
0
0
0
0
0
0
0
0
0
1
2 0 4 3 -3 0 1 7 -1
13 0 6 3 1
4
0
0
-1
0
0
0
-1
0
0
0
0
0
0
0
0
0
0
0
0
0
0
3 0 2 0 1 2 -1
7 0 2 0 1 2 1
1
1
0
1
0
0
0
0
0
0
0
0
0
0
0
0
-2 0 -3 3 1
-10 0 -1 3 -1
0
0
0
0
0
-1
0
0
0
0
0
1
0
0
0
0
6 0 4 0 2 2 1 1 -1
2
-2 0 -1
-1
0
1
0
-1
0
-2 0 -1
1
0 0 -1 3 1
-12 0 -3 3 -2 0 -1
-7 0 -6 3 1
-7
0
0
0
0
0
0
0
0
0
0
0
0
0
0
0
0
0
0
0
0
0
0
0
0
1 0 1 0 1 1 -1 0 -1
10 0 4 0 7 0 1 0 -1 0 2 1 -1 0 -2
0 0 -3 0 8 0 1 0 1 0 1 1 -1 0 1
-9 0 -3 0 2 0 -1 0 2 0 -1 1 1 0 -1
-2
0
0
0
0
0
0
0
0
0
0
0
0
0
0
0
0
0
0
0
0
0
0
0
0
3 0 4 3 -3 0 1 7 -1
13 0 6 3 2
4
0
0
0
0 1 1
1 1 2
-1 0 -1 0 1
-1
-1
0
0
0
0
0
0
0
1
-1
0
0
0
1 0 1
3 0 3 3 -1
7 0 1
1
0
0
1
0
1
1
0
0
0
0
0
0
0
0
0
-2 0 -2 3 1
-9 0 -2 3 -1
-2
0
1
0
-1
0
0
0
0
0
0
0
1
0
0
1 0 2 0 1 1 -1 0 -1
8 0 2 0 1 1 1 0 1
3
-1 0 -1
-1
0
1
0
0
-1
-1 0 -1
-1
1 4 1
-12 0 -3 3 -2 0 -1
-7 0 -6 3 1
-7
0
0
0
0
0
0
0
0
0
0
0
0
0
0
0
0
0
0
0
0
0
0
0
1 0 2 0 2 0 -1 0 -2 0 -1 1 1 0 1
10 0 6 0 6 1 1 1 1 0 -1 0 -1 3 -1
8 0 1 0 1
1 1 1
-5 0 -6 0 5 0 1 0 -2 0 2 1 -1 0 1 3 -1 0 1
-14 0 -1 0 1
-1
0
0
0
0
0
0
0
0
0
0
0
0
0
0
0
0
0
0
0
0
0
0
1
2 0 4 3 -3 0 1 7 -1
14 0 5 3 2
3
0
0
2 0 1 0 1
2 0 1 0 1
1 1 1
0 0 -1 0 1
-3 0 -2 0 2
-4
0
0
0
0
0
0
1
2 0 1 0 2
1 0 -1 0 2
-2 1 1 2 -1
0 0 -1 0 2 1 1
-1
0 0 1
5 0 3 3 -1
6 0 1
0
0
0
1
0
1
1
0
0
0
0
1
1
0
0
0
-2 0 -2 3 1
-9 0 -2 3 -1
-2
0
0
0
0
0
0
0
0
0
0
0
0
1
0
4 0 5 0 1 1 -1
6 0 1
4
0 0 -1
-1
0
1
0
0
-1
0
-1
0
-12 0 -3 3 -2 0 -1
-7 0 -6 3 1
-7
0
0
0
0
0
0
0
0
0
0
0
0
0
0
0
0
0
0
0
0
0
0
0
11 0 11 0 3 1 1 0 1 0 -1 0 -2 0 -1 0 1 3 -1 3 1
9 1 1
1
0
0 0 -1 0 1
-14 0 -9 0 3 1 2 0 -4 2 1 3 1 0 -1
-7
0
0
0
0
0
0
0
0
0
0
0
0
0
0
0
0
0
0
0
0
0
0
1
2 0 3 3 -3 0 1 7 -1
14 0 6 3 2
3
0
1 0 1 0 1 1 -1
3 0 1 0 1
1
1
0
-1 0 -1 0 1
-5 0 -2 0 1 1 1 0 -1
-2
0
0
0
0
0
2 0 2 0 1 2 -1
5 0 1
0 0 -1
-2 0 1 0 1 1 -1 0 -2
3 0 -1 0 3 1 -1
-3 0 -1 0 4 0 -1
-2 1 2 1 1
4 0 3 0 1
5
0
0
0
1
1
0
1
0
0
0
0
1
0
1
0
0
-2 0 -2 3 1
-10 0 -2 3 -1
-1
0
1
0
0
0
0
-1
0
0
0
0
1
0
0
5 0 6 3 1 0 -1
6
3 1 1
-1 0 -1
-1
1 0 1
1
0
-1
0
-1
-1 0 -1
0
-11 0 -3 3 -2
-8 0 -5 3 1
-6
-1
0
0
0
0
0
0
0
0
0
0
0
0
0
0
0
0
0
0
0
0
0
0
17 0 6 0 1 1 1 0 5 0 2
4
1
0
0
-8 0 -9 0 3 1 -2 0 4 0 -1 0 -1 5 1
-14
0
0
0
0
0
0
0
0
0
0
0
0
0
0
0
0
0
0
0
0
0
0
1
2 0 3 3 -2 0 1 7 -1
14 0 6 3 2
3
1
3 0 2 0 1
1
1
0
0
0
-2 0 -3 0 2 1 -1 0 1
-6
0
0
0
0
0
3 0 3 0 -1
4 0 1 0 -1
0 0 -1
0 0 2 3 -1
5
-1 1 1
-3 0 -3 0 1
1 0 3
2
1
0
0 0 1
1
1
0
0
1
0
0
1
0
0
1
0
0
-2 0 -3 3 2 0 -1
-10 0 -1 3 -1
-1
1
0
0
0
0
0
-1
0
0
0
0
0
0
1
6 0 5 3 1
5
2
-2 0 -1
-1 0 1
2
0
0
0
-1
0
-1 0 -1
-1
-11 0 -4 3 -2
-8 0 -5 3 1
-6
-1
0
0
0
0
0
0
0
0
0
0
0
0
0
0
0
0
0
0
0
0
0
0 0 1
19 0 3 3 3 0 2 7 1
2
1
0
0
-4 0 -6 0 1 1 -1 0 5 0 -2 7 1
-18
0
0
0
0
0
0
0
0
0
0
0
0
0
0
0
0
0
0
0
0
0
0
1
2 0 3 3 -2 0 1 7 -1
14 0 5 3 1
4
0 0 1 3 -1
4 0 1
1
0
1
0
0
-1 0 -1 0 1 1 -1 0 1
-7 0 -2 0 1 1 1 0 -1
-1
0
0
0
0
1 0 1 0 -1
2 0 1 0 -2
1 1 -2
3 0 3 0 -2 0 1
4 0 1 0 -1
1
-3 0 -3
0 0 2
2
1
-1 0 -1
0 0 2 0 -1 2 -1
2
0
1
0
0
1
0
0
0
0
0
0
0
-3 0 -4 0 -1 1 1 0 2 0 -1
-9 0 -1
-1
1
0
0
0
0
0
0
-1
0
0
0
0
0
1
7 0 5 0 1 1 1 0 1
4
2
-2 0 -1
-1 0 1
2
0
0
0
0
-1
-1 0 -1
-1
-11 0 -4 3 -1
-7 0 -5 3 1
-7
-1
0
0
0
0
0
0
0
0
0
0
0
0
0
0
0
0
0
0
0
0
0
1 0 1
18 0 3 3 2 0 1 7 1
3
0
0
0
-3 0 -5 3 5 0 -2 7 1
-19
0
0
0
0
0
0
0
0
0
0
0
0
0
0
0
0
0
0
0
0
0
0
1
2 0 4 3 -3 0 1 7 -1
14 0 5 3 1
3
2 0 2 3 -1
3
1 0 1
1
1
0
-1
0
-5 0 -5 0 1 2 -1
-4
0
0
0
0
0
0
0
1 1 -1 1 1
3 0 2 0 -3 5 -1
6 0 2 0 -2 1 -1 0 1
-1 0 -2
1 0 1
1
0
0 0 -1 3 1
-2 0 3 3 -1
4
0
1
0
0
1
0
0
0
0
0
0
0
-5 0 -6 0 -1 2 1
-8
0
1
0
-1
1
0
0
0
0
-1
0
0
0
0
1 0 1 3 -1
9 0 2 3 1
2
3 1 -1
-1
0 1 1
2
0
0
-1
0
-1
-1 0 -1
0
-12 0 -4 3 -2
-6 0 -5 3 2
-8
-1
0
0
0
0
0
0
0
0
0
0
0
0
0
0
0
0
0
0
0
0
0
2 0 3 0 1 1 -2 0 -2 0 1 0 1 0 1 4 -1
18 0 3 3 2 0 1
2
1
0
-1
-3 0 -6 3 5 0 -3 7 1
-19
0
0
0
0
0
0
0
0
0
0
0
0
0
0
0
1 1 1
-1
0
0
0
0
0
1
2 0 3 3 -2 0 1
14 0 5 3 1
3
3 0 2 3 1
3
1 0 1
1
0
0
0
-1
-2 0 -3 0 1 1 -1 0 1 0 -1
-7
0
0
0
0
0
0
0
0
0
3 0 2 0 -2 1 2
5 1 -1 1 -1
2 0 1
1
0
-1 0 -2 3 1
-1 0 3
4
0
1
0
0
1
0
0
0
1
1
0
0
-7 0 -5 0 -1
-6
0
1
0
-1
0
0
0
0
1
-1
0
0
0
0
2 0 2 3 -1
8 0 2 3 1
2
4
1
1
0
0
0
-1
0 0 -1
-1
-1
0
-11 0 -5 3 -2
-7 0 -6 3 3
-8
-1
0
0
0
0
0
0
0
0
0
0
0
0
0
0
0
0
0
0
0
0
0
5 0 9 3 -5 0 1
17 0 1 3 1
0
1
0
0
-6 0 -8 0 -2 0 1 0 2 0 5 0 -2 0 1 5 -1
-17
0
0
0
0
0
0
0
0
0
0
0
0
0
2 0 2 0 2 1 -1
2 0 1 0 3 2 -1
2 1 4
-2 0 -2 0 4 1 1 0 1 1 -1
-4
0
0
0
0
1
2 0 4 3 -3 0 1 7 -1
14 0 6 3 2
4
3 0 2 3 1
2 0 1
1
1
0
0
1
-1
-2 0 -2 3 2 0 -1
-8 0 -1
0
0
0
0
0
0
0
0
0
0
7 0 2 3 1
2 0 1
2
0
0 0 -1
-1 0 2
3
0
1
0
0
0
1
0
1
0
1
0
-1 0 -1 3 1
-8 0 -4 3 -1
-4
1
-1
0
0
0
0
0
0
0
0
0
0
0
0
3 0 3 3 -1
6 0 2 0 -1
2 1 -1
3 0 1
1 1 1
0
0
0
0
0
-2 0 -2
-1 0 1
-1 4 -1
1
-11 0 -5 3 -2
-7 0 -5 3 3
-7 1 1
-1
-1
0
0
0
0
0
0
0
0
0
0
0
0
0
0
0
0
0
0
0
0
4 0 7 0 -1 1 1 0 -5 0 2 7 -1
18 0 1 3 1
1
0
0
0
-13 0 -13 0 -1 0 -1 0 1 0 -2 0 1 0 1
-10
0
0
0
0
0
0
0
0
0
0
0
0
0
6 0 5 0 1 4 -1
5 1 3
1 1 1
-1 0 -2 0 2 1 -1 0 2 1 1
-8 0 -3 0 2 1 1 0 -1
-3
0
0
0
1
3 0 4 3 -3 0 1 7 -1
13 0 6 3 1
4 1 1
4 0 2 0 1
2
1
0
1
0
0
-1
-2 0 -3 3 2 0 -1
-7
-1 1 1
0
0
0 1 1
1 1 1
0
0
0
0
0
7 0 1 3 1
2 0 1
1
0
0
-1 0 1
3 0 1
1
0
0
0
0
0
0
1
0
1
1
-1 0 -2 3 1
-7 0 -3 0 1
-4 1 1
0 1 1
0
0
-1
0
1
-1
0
0
0
0
0
0
0
2 0 2 0 -1 2 -1
1 0 -1 0 -3 1 1
-3 0 -1 0 -3 0 -2 5 -1
2 0 1
1
0
0
-1
0
0
-3 0 -2
-1 1 -1
0 0 1 3 -1
2
-11 0 -5 3 -2
-7 0 -6 3 3
-7 0 1
-1 1 1
1 1 1 2 1
-3
0
0
0
0
0
0
0
0
0
0
0
0
0
0
0
0
0
0
0
2 0 3 0 -1 1 1 0 -2 0 1 0 -1 5 1
19 0 3 2 -1 0 2 0 1
2
1
0
-1 0 -1
-14 0 -13 3 -4 0 1 7 1
-9
0
0
0
0
0
0
0
0
0
0
0
0
1 0 1 0 1 1 -1 0 -1
10 0 5 0 2 2 1
4 1 2
-1 0 -1 0 1
-1 1 1
-4 0 -3 0 3 1 -1
-7 0 -1 0 2 1 1
-1 1 1
0
0
0
3 0 4 3 -3 0 1 7 -1
14 0 5 3 1
5 0 1 0 1
3 0 1
1
1
0
1
0
0
0
-2 0 -1 0 1 1 -1 0 1
-3 1 3
0 1 3
-1 1 3
0 1 3
0 1 3
1 1 3
-1 1 3
1 1 4
-1 1 4
0 1 4
1 1 3
3 0 1
1 0 1
0
1 0 1
1
-1
2 0 1
1
0
0
0
0
0
0
0
0
0
1
-2 0 -1
-2 1 2 1 -1
-1 0 -1 0 1
-2 0 -2 0 2 1 -1 0 1
-2 1 3
-2 0 -2 0 1 1 1
-2
0
0
0
0
0
0
0
0
0
0
-2 0 -1 0 -1
0
0 1 -1
1 0 1
0
0
0
0
0
-1
-3 0 -2
-3
1 0 2 3 -1
3
-11 0 -6 3 -2
-7 0 -6 3 3
-7 0 1 0 -1
2 0 2
-1 0 -1
-2 0 -1 0 1
-2
0
0
0
0
0
0
0
0
0
0
0
0
0
0
0
0
0
0
1 0 1
19 0 4 3 3 0 1 7 1
3
1
0
-1 0 -1
-16 0 -11 0 -1 1 -1 0 -5
-7
0
0
0
0
0
0
0
0
0
0
0
0
3 0 5 0 1 2 -3 0 1
13 0 5 0 1
5 1 2
-4 0 -2 0 2
-2 1 1
0 0 -1 0 1 0 1 1 1
-6 0 -2 0 3 2 -1
-6 0 -2 0 2 1 1
-1 1 1
0 0 -1 0 1
-1
3 0 3 3 -2 0 1
15 0 6 3 1
6 0 1 0 1
2
1
0
1
0
0
0
0
0
0
0
0
0
0
0
0
0
0
0
-1 0 -2
-1
1
0
1
1
-1
1 0 1
1
1
0
0
0
0
0
0
0
0
1
-2 0 -1
0 0 1
-2 0 -2 3 -1
-1
0
-3 0 -4
-5
0
0
0
0
0
0
0
0
0
-1 0 -1
-2 1 -1
0 1 -1
0
1 0 1
0
0
0
0
-1
-1
-2 0 -2
-3
1 0 2
3 4 1
-11 0 -6 3 -2
-7 0 -5 3 4
-9
2 0 2 0 -1
-1 0 -1 0 -1
0 0 -1
-1
0
0
0
0
-1
0
1
0
0
0
-1
0
0
0
0
0
0
0
1 0 1
19 0 4 3 3 0 1 7 1
3
1
0
-2 0 -2 0 -1 1 1 0 2 0 -1 0 -1 5 1
-19 0 -5 0 -2 1 -3 0 -3 0 -1 0 -2 5 -1
-3
0
0
0
0
0
0
0
0
0
0
0
0
3 0 4 0 -1 1 1 0 -2
14 0 7 0 -1 1 -1
7
-2 0 -2 0 2
-4 0 -1 0 2
-2
-1 0 -1 0 1 1 -1
-5 0 -2 0 4 1 -1 1 -1
-3 1 4
2 0 -1 0 7 2 1 1 -1
-3 0 -2 0 5 0 -1 0 1 0 1 1 -1
-2 0 3 3 -3 0 1
16 0 6 3 1
6 0 1
1
1
0
1
0
0
0
0
0
0
0
0
0
0
0
0
1
0
0
-2 0 -2
-1
0
2 0 1
0
1
0 0 -1
0 0 1
1
1
0
0
0
0
0
0
0
0
1
-2 0 -1
1 0 1
-2 0 -2
-2
0
-3 0 -4
-5
0
0
0
0
0
0
0
0
-1 1 -1
-2 0 -1 0 -1
-1
0
0
1
0
0
0
0
-1
-1
-2 0 -1
-3
2 0 2
2
-11 0 -6 3 -2
-7 0 -6 3 4
-9 0 -1
0
0
-1
0
0
0
0
0
0
0
0
0
0
0
0
0
0
0
0
0
0
3 0 2 0 3 0 -1 0 -1 0 1 1 -1
0 1 2 0 -1 1 -1
15 0 3 0 -1 1 1 0 1 0 1 0 1 6 1
4 1 -2
1 1 -1
-1 0 -1 0 -1
-7 0 -8 0 -4 1 2 0 2 0 -1 0 1
-15
0
0
0
0
0
0
0
0
0
0
0
0
0
1 0 1
13 0 11 0 -1 1 -2 0 1
11
0 1 1
-3 0 -2 0 2
-4 0 -1 0 1
-1 1 1
-1 1 1
-1 1 2
4 0 3 0 3 1 -1 0 1
2 1 5 0 1 0 -1 0 1
-5 0 -2 0 8 0 1 0 1 0 -1 1 -1 0 1 0 1
5 0 4 0 1 1 2
5 0 1 0 -1
2
0
1
0
0
0
0
1
-1
0
0
0
0
0
1
0
0
0
0
-2 0 -2
-1
0
2
1
0
0
0 0 1
1
1
0
0
0
0
0
0
0
0
1
-2
1
-3 0 -2 3 -1
-1
0
-3 0 -4
-5
0
0
0
0
0
0
-1 1 -1
-1 0 -1 0 -1
-2 0 -1 0 -1
-1
0
1
0
1
0
0
0
-1 1 -1
-1 0 -1 0 -1
-1
-2 0 -1
-1
2 0 1
2 4 1
-11 0 -7 3 -3
-8 0 -6 3 4
-9 0 -1
-1
0
0
0
0
0
0
0
0
0
0
0
0
0
0
0
0
0
0
0
5 0 5 0 4 1 -2 0 -2 0 1 1 -1 3 1
10 1 3 0 2 0 1 3 1
0 1 2 0 1
1
1 1 -1
1 0 1 0 -1
1
-14 0 -7 0 -3 1 -2 0 -2 1 1 5 1
-5
0
0
0
0
0
0
0
0
0
0
0
0
0
1 0 1
12 0 12 0 1 0 -1 0 1
12 0 1
1
-1 0 -1 0 1
-3 0 -2 0 2 2 1
-4 1 1
0 0 -1 0 1
-1
3 0 4
5
0 1 1
-2 0 -2 0 1
0 0 2 0 -1
5 0 1
1
0
-1
1
0
1
0
0
-1
1
0
0
0
0
0
0
0
0
-3 0 -2 0 -1 2 -1
-1
1 0 1
2
1
0
0
-1
2 0 1
0
1
0
0
0
0
0
0
1
-1 0 -1 0 -1
-1
1
-3 0 -2
-1
0
-3 0 -3
-4 1 1
0 1 1
0
0
0 1 1
-1
-2 0 -1 0 -1
-2 0 -1 0 -1
-1
0
0
0
0
1
1
0
0
-1 0 -1
-2 0 -1 0 -1
-1 1 -1
0 1 -1
-2 0 -1
0 0 1
2 0 1
2
-10 0 -8 3 -3
-9 0 -6 3 4
-8 0 -1
-1
-1
0
0
0
0
0
0
0
0
0
0
0
0
0
0
0
0
1 0 2 0 2 0 -1 0 -2 0 -1 1 1 0 1
5 1 7 0 -2 0 1 0 -1 2 -1
9 0 3 0 1 0 1 0 2 0 3 1 1 1 1 2 -1
1
0
0
0
1 0 1
1
-15 0 -4 0 2 0 -1 0 1 0 -2 0 -1 1 -1 5 -1
-3
0
0
0
0
0
0
0
0
0
0
0
0
1 0 1 0 1 1 -1 0 -1 1 1
8 0 4 0 8 0 -2 2 1 0 -1 0 -1
13 0 4 0 2 0 1 0 2 0 2 0 1 0 1 1 1
3 0 1
1
0
0 0 -1 0 1 1 -1
-4 0 -1 0 2
-2 0 -1 0 1
-2 0 -1 0 1
1 0 2 0 -1 1 1
5 0 1 0 -1
2
0 0 -1
-3 1 1 1 1 0 -1
3 0 2 0 -1 1 -1
2
0 0 -1 0 -1
-2 0 -1 0 -1
1 0 1 0 -2 2 -1
3
0
0
0
-1 0 -1
1 0 1
0
0
0
0
0
0
0
0
-4 0 -1 3 -1
0 0 1
2 0 1
2 0 1
0
1
-1
-1
1 0 1 0 -1
1
0
0
0
0
1
0
0
1 0 -1
-3 0 -1 0 -1
1 0 1
1
-2 0 -2
-2
0
-1 0 -1 0 1 1 -1
-1 1 2
0 1 3
0 1 3 0 1
0 1 3
-1 0 -1 0 3 2 1
-6 0 -3 0 -1 1 1
-3 0 -1
-1
0
0
0
0
1
0
1
0
0
-1 0 -1
-3 0 -1 0 -1
-1 1 -1
-1 1 -1
0
1 0 1
1 0 1
2
-10 0 -8 3 -3
-7 0 -4 0 1 1 -1 0 3 1 1
-7 0 -1 0 3
-1 1 2
-1 1 2
0 1 2
0 1 2
0 1 2
0 1 2
0 1 3
0 1 3
0 1 3
0 1 2
-1 1 2
0 1 2
0 1 2
1 1 2
0 1 2
0 1 2 0 -1
0 1 3 0 -1
0 1 3
8 0 8 0 4 1 1 1 -1 0 -2 0 -1
5 1 -1 2 -1
1
-1
1 1 1
1 1 1
-1 1 1
1 1 1
1
-6 0 -7 0 5 1 -3 2 -2 5 1
-9 1 4 0 -1
-1 1 4 0 -1
0 1 3 0 -1
0 1 3 0 -1
0 1 3 0 -1
0 1 3 0 -1
0 1 3
0 1 3 0 -1
0 1 3 0 -1
0 1 3 0 -1
0 1 3 0 -1
1 1 4 0 -1
0 1 5 0 -1
8 0 6 0 8 3 1 0 -2 0 -1 3 -1
11 0 1 0 1
2 0 1 0 1
1
1
0
0
-1 0 -1 0 1
-5 0 -1 3 -1
-2 0 -1
0
3 0 2 0 -1
2 0 1 0 -1
2
0 0 -1
-1 0 1 2 1
2 1 -1
-1 0 -1 0 -1
-2
2 0 2 0 1
4 0 1
0
0
0
-1 0 -1
1 0 1
0
0
0
0
0
0
0
0
-2 0 -1 0 1 2 -1
0 0 1 0 1
1
1 0 1
1
0
-1
-1 0 -2 2 1 0 1
-4 1 -2 0 -1
2 0 1 0 -2 0 -1
1 1 -1
0 1 -1
1 1 -1
0 1 -2
1 1 -1
-1 1 -1
0 1 -2
0 1 -1
-1
1 0 1
1
-2 0 -2 3 -1
-2
1
-1 0 -1
-2 1 -2
0 1 -2
0 1 -2
0 1 -2
-3 0 -3 0 -3 2 1 1 1
-7 0 -1 0 -1 1 -1
-1
0
0
0
0
1
0
0
1
0
0
-3 0 -1 0 -1
-2 0 -1 0 -1
-3 0 -1 0 -2 0 1
-3 1 -3
2 0 2 0 -3 0 1 1 -1
4 1 -1
1 1 -1
1 1 -1
-9 0 -8 3 -3
-6 0 -1
-1 1 2
-1 1 3
0 1 3
0 1 3
-1 1 3
0 1 3
1 1 3
0 1 2
0 1 2
-1 1 2
1 1 3
-1 1 3
0 1 3
0 1 3
1 1 3
0 1 3
0 1 3
0 1 3
1 0 1 0 3 1 -1 0 -1
5 1 2 1 2 0 2 0 1
0 0 1
1 1 1
3 0 1 0 2
1 1 2 0 1
1 1 2
-1 1 1
-1 0 -1 0 1
-1
0 1 1 1 -1 0 1 1 1
0 1 7
-5 0 -4 0 4 1 1 0 -2 1 1
-3 1 3
0 1 3
0 1 3
0 1 3
-1 1 2
1 1 2
0 1 2
0 1 2
0 1 2
1 1 1
4 0 4 0 4 1 -1 2 -1
6 0 2 0 1 1 1
2 1 1
1
0
1
0
1
0
-5 0 -1 0 1 2 -1
-2 0 -1 0 1
-2
0
1 0 1 0 -1 0 -1
4 0 1 0 -1
1 1 -1
-1 1 -1
1 1 -1
0
0 0 1
3 0 2
2 0 1
1
-1
0
0
0
0
0
0
0
0
0
0
1
-1 0 -1
-1
0
1
1
0
-1
-2 0 -3 3 1
-3 0 1 0 1
2 0 1
1
1 2 1
0
-1
0
0
-1 0 -1
-2 0 -1 1 -1
0 0 2 0 -1 2 -1 2 -1
5 0 1 3 1
0
-2 0 -2 3 -1
-1
0
-2 0 -2 3 1
-3
0
0
-2 0 -2 0 -1 1 1
-5 0 -1 0 -1 1 -1
-2
0
1
0
0
0
0
0
0
1
0
-1 0 -1 0 -1
-5 0 -2 0 -3 0 1 0 1 4 -1
-7 0 -2 0 -4 1 -1
-4 0 -1 0 -2
-3 0 -1 0 -2
-1 0 1 0 -1 0 -1 0 1 0 -1 3 -1
7 0 2 0 -6 6 -1
2 0 1 0 -7
2 1 -7 0 1
-7 0 -5 0 -4 1 -2 0 -1 1 -1
-3 1 -2
2 0 1
0
0
0
0
0
0
0
0
0
0
0
0
0
0
0
0
0
4 0 4 0 2 1 -1 0 -1 1 -1
3 0 -2 0 1
-1 0 1 0 2
1 1 1 2 -1
3 0 1
1
0 0 -1
-2 1 -1
-1 0 -1
0 1 1
1 0 1 0 1 1 -1
3 1 1
-2 0 -2 0 2 1 -1 0 -1
-7 0 -3 0 2 1 1 0 -2 0 -1
-2
0
0
0
0
-1
1
-1
1 0 1 0 1 1 -1 0 -1
10 0 2 0 2 1 1 0 1
1 1 1
1
1
0
0
1
0
0
-1 0 -1 0 1
-4 0 -1 0 1
-3 0 -1 0 1
-1 0 -1
0
1
0 1 -2
1 0 1 0 -1 2 1
1 1 -1
2 1 -1
1 0 1
3 0 2
2
0
0
0
0
0
0
0
0
0
0
0
0
1
-1 0 -1
-1
-1 0 1 0 -1
3
0
0
-1
-1 0 -2 0 1 1 -1 0 1
-5 0 -1 0 -2 1 1
-1 1 -2 1 -1
0 1 -1
-1
0 0 1 0 -1
1 1 -1
1 1 -2
1 1 -3
1 1 -2 0 1
1 1 -1 0 1 0 -1
-4 0 -2 2 1 0 -1
5 0 3 3 1
2
-2 0 -1
-1
0
-1 0 -1 3 1
-4 0 -1
-1
0 0 -1 0 -1
-4 0 -2 0 -1 1 -1
-3
0
0
0
0
0
0
0
0
1
2
0
-6 0 -5 0 -4 1 1 2 1
-9 0 -2 0 -2 1 -1
-3 0 -1
-1 0 -1
-1
-1
-1
0 1 -1
0 1 -1
-1
0
4 0 2 0 -1
3
0
-1
0
0
0
0
0
0
0
0
1
-1
0
0
0
1 1 1
8 0 4 0 2 1 1 0 2
0 0 -2 0 1 1 1
-1 0 1
1
2
0 0 -1 0 -1 2 1
-3 0 -1 0 -2 1 -1
-1 0 1
1 0 1
1 1 1
3 0 2 0 1
2
-1
-5 0 -6 0 2 1 -1 0 1 1 -1 0 1
-7
0
0
0
0
0
0
0
6 0 6 0 2 2 -1 1 -1 0 -1
6
1
0
0
1
0
0
0
1
-1 0 -1
-3 0 -1 0 1
-3 0 -1 0 1
-1
-1 1 1
0
-2
1 0 1 0 -1
1 1 -1
1 0 1 0 -1
3 0 1
4 0 2
2
-1
0
1
-1
0 1 -1
0
1
0
0
0
0
1
0
0
-1 0 -1
-3 3 1 0 -1
3 0 1
1
0
0
-1 0 -1 3 1
-8 0 -1 0 1 0 -1 0 -1 0 -4 0 -1 0 1
3 0 1 0 5 0 -1
1 1 4 0 -1
1 1 4
-1 1 4
0 1 5 0 -1
-1 0 -1 0 5 0 -1 5 -1
-1 0 -1 0 5 0 -1 0 1
-2 1 2 1 1
0 0 1 0 -2 1 1 0 -1
2 0 -2 2 -1 0 1
3 0 4 0 -1 2 1
3
-2 0 -1
-1
0
0
-4 0 -2 3 -1
-2
-2 0 -1
-3 0 -1
-1
0
0
0
0
0
0
0 1 1
1 1 1
0 1 2
6 0 -1 0 -3 0 1 0 1 4 -1
-4 0 -2 0 -6 0 -1 4 1
-6 0 -2 0 -3 0 -1 0 -2
-3
0
-1 0 -1 0 1
-2 0 -1
-1
-1
0
-1
0
0
1 0 1 0 -1 1 1 0 -1
5 0 1 3 1
1
0
0
0
0
0
0
0
0
0
0
0
0
0
0
2 0 3 0 1 1 -1 0 -2
9 0 1 0 1
-1 0 -3 0 1
-3 0 1 0 1
1 0 -1 0 -1 1 1
-1 1 -2
-1 0 -1 0 -1 1 -1
-1
2 1 1
2 0 1 0 1
2 0 1 0 1 2 -1
2
0
0
-1 0 -1 0 1
-8 0 -4 0 2 1 2 0 -1
-4
0
0
0
0
0
1 0 1 3 -1
9 0 4 0 1 1 1 0 2
3
0
0
1
0
0
1
0
0
0
-1 0 -1 0 1
-4 0 -2 0 1 2 -1
-2 1 1
-1 1 1
0 0 -1
-2 0 -1 0 1
-1
1 0 1
1
2 0 2 0 -1
5 0 1 0 -1
1
1
0 0 1
1
-1
-1
0
1 0 1
1
0
0
0
1
0
0
-1
-3 0 -1 3 -1
2 0 2 3 1
2
0
0
0
-4 0 1 0 2 2 -2 0 -1 0 -1
3 0 1
1
0
0
0
0
-1
-2 0 -1 0 1 1 -1
-3 0 -2 0 3 1 1 0 1 1 -1
-2 0 1 5 1
3 0 5
4
-2 0 -1
-1
0
0
-4 0 -3 3 -1
-2
-1 0 -1
-3 0 -1
-1
0
-1
1
0 1 1
0 0 1 0 1
2 0 1 0 2
1 0 1 0 2
2 0 1 0 2
1 1 2
19 1 -4 0 -1 0 -1 4 -1
-1 1 -2 0 -1
0 1 -1
1
0
-1
-1 0 -1
-1
-1 1 1
0
-1
-1
1
0
3 0 3 0 -1
3
0
0
0
0
0
0
0
0
0
0
0
0
0
0
5 0 6 0 1 2 -1 1 -1
7
0 0 -1 0 1
-3 1 1 1 1
-1 0 -1 0 1
-2 1 1
0 1 1
2 0 1 0 1
1 0 1 0 1
2 0 1 0 1
2 0 1 0 1
1
0
0
-1
-5 0 -6 0 1 1 -1 0 1
-7
0
0
0
0
0
2 0 4 0 1 1 -1 0 -2
10 0 1 0 1 1 1
0
1
0
1
0
0
0
0
0
1
-1
-1 0 -1 0 1
-3 0 -1 0 1 2 -1
-2 1 1
-1 0 -1 0 1
-1 1 1
-1 1 1
0 0 1
0
1 0 1
4 0 1 0 -1
2 0 1
2
0
0
0
-1
0
0
1 0 1
1
0
0
1
0
0
0
-2 0 -2 0 1
1 0 1 3 1
1
0
-1 1 -1
-1 0 -1 0 -1
0 0 1
1
1
0
0
0
0
-1
0
-1 0 -1
-5 1 1 2 -1 0 -1
2 0 5 4 -1
4
-1 0 -1
-1
-1
0
-4 0 -3 3 -2
-2
-1 0 -1
-3 0 -1
-1
1
0 1 1
1 0 1 0 2
1 0 1 0 2
3 0 1 0 2
1 1 2
1 1 1
0 1 1
1
23 0 1
1
1
1
0
0
0
-1
-1
0
-1
-1
1
-1
2 0 3 3 -1
4
0
0
0
0
0
0
0
0
0
0
0
0
0
0
8 0 6 0 1 1 1 0 2 1 -1
5
1
-3 0 -2 0 1
-1 1 1
0 1 2
1 1 1
1 1 1
0 0 1 0 1
1 1 1
1
1
-1
0
0
-1 0 -1 0 1 1 -1 0 1
-10 0 -2 0 1 1 1 0 -1 0 -1
-2
0
0
0
0
6 0 6 0 2 4 -1
7
0
0
1
0
0
0
1
-1
1
0
0
0
-2 0 -1 0 1
-2 0 -1 0 1
-2 0 -1 0 1
-1 1 1
-1 1 1
-1 1 1
0
-1
2 0 1
5 0 2
2
0
0
0
0
0
-1
0 0 1
2
0
0
1
0
0
0
0
0
0 1 -1
-2 0 -1 0 -1
-1
0
1 0 1
1
1
0
0
0
0
-1
0
-1 0 -1
-2 0 -1 0 1
-1 0 3 0 1 1 1
4
-1 0 -1
-1
0
-1
-4 0 -3 3 -1
0 0 2 0 2 0 -1 0 -1
0 0 -4 0 1 1 1 0 1
-5
-1
2 0 1 0 2 1 -1
2 0 1 0 2
2 0 1 0 2
1 1 1
1 1 1
1 1 1
0
0 1 1
0 1 1
23 0 1
1
1
1
1
0 1 1
0
-1 1 1
0 1 1
-1
-1 1 1
0
0
0 0 -1 0 1
0 0 1
4 0 1 3 1
0
0
1
-1
0
0
0
0
0
0
0
0
0
1 0 1 3 -1
10 0 4 0 1 2 2
3
1 1 1
-1 0 -1 0 1
-1 0 1 0 1
0 1 1
0
1 1 1
0
1
0
0
0
0
-1
0
-5 0 -3 0 4 1 -1 1 -1
-7 0 -1 0 1 1 1
-1
0
0
2 0 2 0 1 1 -1 0 -1
9 0 3 0 2 1 2 0 1 1 1
2
1
0
0
0
1
0
0
0
0
0
0
0
0
-1 0 -1 0 1
-2 0 -1 0 1
-2 1 1
-2 0 -1 0 1
-1 1 1
0 1 1
-1 1 1
1
3 0 3 0 -1
4 0 1
0
0
0
0
0
0
0
1
0
0
0
1
0
0
0
-1 0 -1 0 -1
-2 1 -1
-1
1
0
1
0
1
0
0
0
0
0
0
-1
-1
0
0 1 -1
0 1 -1
0
0
0
-5 0 -2 0 1 1 -1 0 -2
5 0 2 0 1 1 2 0 1
-7 0 -4 0 -2 1 -2 0 -2
-3
1 0 1 0 1 1 -1
4 0 1 0 1 1 1
2 1 1
1 0 1 0 1
0
1 1 1
0
0
-1
0
22 1 1
1
1
1
1
1
-1 0 -1
-1
-1
0
0
-1
0
0
-1
5 0 2 0 1 2 1
2 1 1
-1 1 1
1 1 2
0 1 2
0 1 2
-1 0 -1 0 1
-1
-1
0
0
1
-1
1
0 0 1 0 1 2 -1
11 0 3 3 2
3 0 1
1
-1
0
-1
0
1
0
0
0
0
0
0
0
0
-1
-6 0 -4 0 4 4 -1 0 1
-6 0 -1 0 1
0 1 1
0 0 1 0 1
7 0 4 0 4 2 -1 1 -1
5
1 0 1
0
1
0
0
0
0
0
0
0
0
0
1
0
0
-1 0 -1 0 1
-2 0 -1 0 1
-2 0 -1 0 1
-1 0 -1 0 1
-1 0 -1 0 1
-1 1 1
-1 0 -1
1 0 1 0 -1 1 1 0 -1
5 0 2 3 1
1
0
1
0
-1
0
0
1 0 1
0
0
0
0
0 1 -1
0 1 -1
-2 0 -1 0 -2
-1 1 -1
0
0
1
1
0
1
0
0
0
0
0
0
0
-1
0
-1 0 -1
-2
-1 1 -1
1 0 1 0 -2
1 1 -1
0
-1 0 1 0 1 2 -2
2 0 -4 0 -1 1 1 0 2
-9 0 -1 3 -1
0
3 0 2 0 1
3
1
1
0
0
0
-1
0
0
21 1 1
1
0
1
0
1 1 -1
-1 1 -1
0
0
0
-1
0
0
0
-1
7 0 6 0 1 1 -1 0 1
4 1 3
1 1 3
1 1 3
0 1 2 0 1
0 1 2 0 1
-1 0 -1 0 3 0 1 1 1
-6 0 -3 0 2 1 1
-2
-1
1
0
0
0 0 1
6 0 4 0 4 1 -1 2 -1
7 0 1 0 1
2
0
0
-1
0
0
0
0
0
0
0
0
0
0
0
0
-1 0 -1 0 1
-6 0 -3 0 3 2 -1
-2 1 2
2 0 3 0 3 2 -1
6 0 1 0 1 1 1 0 1
1
1
0
0
0
0
1
0
0
-1
0
0
1
0
0
0
0
0
-1 1 1
-1 0 -1 0 2
-3 0 -1 0 1
-1 1 1
-1 0 -1 0 1
-2
5 0 3 0 -1
3
0
0
0
0
0
0
-1
1 1 -1
0 1 -1
0
-2 0 -2 0 -1
-2 1 -1 0 -1
0 1 -1
0
1
0
1
1
0
0
1
0
0
0
0
0
0
-1
0
0
0
-2 1 1
-1 0 -1 0 1
-2
1 1 -1
1 0 1 0 -1
3 0 2 0 1
-3 0 -7 0 -2 1 1 0 3 1 1 0 1 5 -1
-8 0 1
2 0 1 0 1
4 0 2 0 1
2
1
0
0
-1
0
0
1 0 1 0 1
1 1 1
19 1 1
0
-1
0
0
0
1
0
0
0
0
0
-1
1
-1 0 -1 0 1
6 0 9 0 -1 2 -1 0 -1 0 1
8 0 1
0
0
0
-1
0
-2 0 -2 0 2 0 1 0 -1 0 1
-8 0 -1 0 1 1 1 0 -1
0
0
0
0 0 1 0 1 1 -1
4 0 4 0 3 0 -1 0 -1 0 -1 2 -1
8 0 1 0 1 1 1
2 0 1
1
-1 1 -1
1
0
0
0
-1
0
0
0
0
0
0
0
0
0
0
-1 0 -1 0 1
-1 1 1
1 0 1 0 1
1
0
1
0
0
0
1
0
0
0
0
0
0
0
0
0
0
0
0
0
0
-1 1 1
-1 0 -1 0 1
-3 0 -2 0 1
-3 0 -1 0 1
1 0 3 0 -1 2 -1
6 0 1
0
0
0
0
0
0
-1 0 -1
-3 0 -1 0 -3 0 1 0 1 0 -1
0 0 1 0 -4 0 1 5 -1
1 1 -3 0 1 0 -1
-1 0 -1
-1
1
1
0
1
1
0
0
1
0
0
0
0
0
0
0
0
0
0
-1
0
-1 0 -1 0 1
-2 1 1
-1 0 -1
-1
3 0 1 0 -2 1 1
-5 0 -5 0 -1 1 -1 0 -1
-3 0 1 0 1
3 0 2 0 1
4 0 1
1
0
0
0
0 1 1
0 1 1
2 1 1
0
-1
17 0 -2 0 1 1 1 0 -1
-2
0
0
0
1
0 1 1
0
-1
0
0
0
0
1 0 1
0 0 -1 0 1
1 0 4 0 -1 1 2 0 -2
7 1 -4 0 1
0 1 -4 0 1
0 1 -5 0 1
0 1 -4 0 1
1 1 -2
0 1 -2
1 1 -1
-5 0 -5 0 1 4 -1 0 1
-4
0
0
5 0 4 0 3 1 -1 2 -1
7 0 2 0 1 0 1 0 1 0 1
2
1 0 1
-1 0 -1
-2
2 0 1 0 -1
1
0
0
0
-1
0
0
0
1
0
0
-1
1
-1
0
0
0
0
1
0
0
0
0
0
1
0
0
0
0
0
0
0
0
0
0
0
0
1
1
0
-3 0 -2 0 1
-4 0 -1 0 1
-2 0 1 2 1 0 -1
8 0 2 3 1
1
-1
1
0
0
0
-1 0 -1
-8 0 -4 0 2 2 -1 1 -1
-2 1 2
2 0 2 0 1 2 -1
3
1
1
0
1
0
1
0
1
0
0
0
0
0
0
0
0
0
0
-1
1
-1
0
-1 1 1
-1 0 -1 0 1
-2 1 1
-1 0 -1
-2 0 -1 0 1 1 -1
-1 0 1 0 1
4 0 2 0 1
2
0
1
0
0
1
0
0 0 -1 0 -1
-1 1 -1
-1 1 -1
14 0 -3 0 1
-4
-1
0
0
1
0 1 -1
0
0
0
0
0
0 1 1
0 0 1 3 -1
2 0 -1 0 1 2 1
-2 0 1 3 -1
4 1 1
-2
0
-1 1 -1
1 1 -2 0 -1
0 1 -2 0 -1
1 1 -3 0 -1
0 0 -1 0 -1 1 -1
-2 1 1
0
-1 0 -1 0 -1
11 0 5 3 4 0 1
4 0 1
0
1
-1 0 -1
-2 0 -1
1 0 2
2
0
0
0
-1
0
0
0
1
0
0
0
0
0
0
-1
1
0
0
1
0
0
-1
1
0
0
0
0
0
0
0
0
0
0
0
0
1
1
0
0
-1 0 -1 0 1
-4 0 -2 0 1
-3 4 -1
6 0 2 3 1
2
0
0
0
0
0
-1
-2 0 -2 0 2 1 -1
-2 0 -1 0 2 0 1 0 1
-1 0 1 0 1
1
0
1
1
0
1
0
1
0
0
0
0
0
0
0
0
0
0
0
0
-1
1
-1
0
-1
-1 1 1
-1 0 -1 0 1
-1 1 1
-1 1 1
2 0 1
1
2 1 1
0 1 1
0
0
0
-1 0 -1 0 -1
-2 0 -1 0 -2
-1 1 -2
0 1 -2
12 0 -1 0 1
-5 0 -1 0 1 2 -1
-1 1 1 0 -1
0 1 1
-1 1 1
0
1 1 1
2 0 2 0 2 0 -1 0 -1 0 -1
0 0 -1 0 2 0 -1 0 1 0 -1
-1 1 1
0
0
0
2 1 1
2 1 1 2 1
-4 0 -1 3 -2 0 1
9 1 2 0 1 0 -1 0 1 0 1 2 1
-1 1 4 0 1 5 1
-2 0 -1 0 4
-1 1 3
0 1 3
0 1 3
0 1 3 6 1
1 1 4
2 0 1 0 4 0 1 5 1
1 1 4 0 2 4 -1 0 1
-2 0 -2 0 5 0 1 0 -1 0 1 2 1
3 0 3 0 1 1 1 0 1 0 1 0 1
4 0 1
1
0
0 0 -1
-3 0 -1
1 0 1
2
0
0
0
0
-1
0
0
0
1
1
-1
0
0
0
0
0
0
1
0
0
0
0
0
0
0
0
0
0
0
0
0
0
0
0
0
0
0
0
0
0
-2 0 -2 0 1
-5 0 -1 0 1 2 -1
5 0 3 3 1
2
0
0
0
0
0
0
-1 0 -1
-3 0 -1
-1
1
0
1
0
1
1
0
0
0
0
0
1
-1
0
0
0
0
0
0
0
0
0
0
-1
0
0
-1 1 1
-1 1 1
0 1 1
0 1 1
0
3 0 1
0 0 -1
-1
0
-2 0 -1 0 -1
-3 0 -1 1 -1
-3 0 -1 1 -1
-1 1 -1 0 -1
-1 1 -1 0 -1
11 0 -1 0 -1 2 -1
1 0 2 0 2 0 1 0 -2 0 -1
2 1 4 0 1
-1 0 -1 0 5
-1 0 -1 0 5
-1 1 5 6 1
1 0 3 0 5 0 1 4 -1
5 0 1 0 3 0 1 0 1
0 0 -1 0 3 0 1 0 -1
-4 0 -2 0 4 5 1
-5 0 -1 0 3 0 -1 0 1
-3 0 -1
-1
3 0 2
3 1 1
-3 0 -2 3 -1 0 1
8 0 1 3 1
1
0 1 1
1 1 1
0 1 1
0 1 1
0 1 1
0 1 1
0
-1
0
0
1 0 1 0 -1
2 0 1
1
0 0 -1
-3 0 -1
0 0 1
3 0 1
0
0
0
0
0
0
0
-1
1
1
0
0
-1
0
0
0
0
1
0
0
0
0
0
0
0
0
0
0
0
0
0
0
0
0
0
0
0
0
0
0
0 0 -1 3 1
-4 0 -1 0 1 2 -1
3 0 2 3 1
1
1
0
1
0
0
0
-1 0 -1
-4 0 -1
1
0
1
1
0
0
1
0
0
0
0
0
1
0
0
-1
0
0
0
0
0
0
0
0
0
-1
0
0
0
-1
0
-1
2 0 1 3 1
0
-1 0 -1 0 -1
-1
0
0 1 1
0 1 1 0 1 5 1
-1 1 2
-1 1 2
14 1 -1 2 -1 1 -1
5 0 4 0 -1
6 0 1
0 1 1
0 1 1
0 1 1
0 1 1
1
0
-1 0 -1 0 1
-3 0 -2 0 2 1 -1
-6 0 -3 0 4 0 -1 0 1
-5 0 -1 0 1
1 0 3 3 -2
5
-3 0 -2 3 -1 0 1
7 0 1 3 1 0 1
1
1
0
0
0
0
0
0
-1
0
0
0
3 0 2 0 -1
1
0 0 -1
-4 0 -1
0
2 0 2 0 -1
2
1
0
-1
0
0
0
0
0
0
0 1 -1
1
-1 0 -1 0 -1
-2 1 -2 2 -1 1 1
2
-1 0 -1 0 -1
-1 1 -2
1 1 -2
1 1 -1
0 1 -1
0 1 -1
0 1 -1
0
1
0
0
0
0
0
0
0
0
0
0
0
0
0
0
0
0
0
-2 0 -1 0 1
2 0 1
0
1
0
0
0
0
1
-2 0 -2
-2
1
0
1
0
1
0
0
0
0
0
1
0
0
0
0
0
-1
0
0
0
0
0
0
0
0
0
0
-1
0
0
0
-1 0 -1
-1 1 -2 1 1
0 1 -2
-1 1 -1
0 1 -1
1
0
0
1
1
15 0 2 0 1
4 0 4 0 -1 0 -1 0 1 0 -2
9 0 1 3 1
1
0
-1
0
0
1
0
-2
-1 0 -1 0 1 1 -1
-6 0 -4 0 4 1 1 0 -1 1 -1 0 1
-5 0 2 0 1 2 -2
5
-4 0 -2 3 -1 0 1
7 0 1
1
1
0
0
0
0
0
-1
0
0
0
1
0 0 2 0 -1 2 -1
3
-1 0 -1
-3 0 -1
-1
0 0 1 0 -1 2 -1
4 0 2 0 -1 1 -1 0 1
2
-1
0
0
0
0
0
0
-1
0
1
-2 0 -1
-3 0 1 1 -1 1 -1
3
-3 0 -2 0 -1
-5 0 -1 0 -3 0 -1
-1 1 -4 0 -1
1 0 1 0 -5 0 -2 5 1
1 1 -5 0 -2 5 1
1 1 -6 0 -2 5 1
0 1 -6 0 -1 5 1
1 1 -6 0 -1
2 0 1 0 -5 1 -1
2 0 1 0 -4
1 1 -2 0 1
1 1 -2 0 1
1 1 -1 0 1
0 1 -1
1 1 -1
1
0
0
1
0
0
0
0
0
0
0
0
0
0
0
1
0
0
0
0
4 0 -1 3 -1
0
1
0
0
1
0
0
0
0
0
1
0
0
0
0
0
0
0
0
-1
0
0
0
0
0
0
0
0
0
0
0
-1
-1 0 -1
-5 0 -4 0 -2 0 -1 0 2
-4 1 -4 0 -1 5 1
0 0 1 0 -5 0 -1 5 1
1 1 -5 0 -1 5 1
2 0 1 0 -5 0 -1 5 1
1 0 1 0 -3 0 -1 0 -1 4 1
2 0 1 0 -2
2 0 1 0 -1
1
12 0 2 0 1 1 1 0 1
2 0 1 3 -1
7 0 2 3 1
2
0
0
0
0
0
0
-1
0
-1 0 -1 0 1 1 -1
-5 0 -2 0 3 0 1 0 1 0 -2 2 1
-2 0 -1
-3 0 -1 0 1 1 -1 0 -1
6 0 1
1
0
1
0
0
0
-1
0
0
0
0
0
-1 1 -1 2 -1
4 1 -1
-2 0 -1 0 -1
-2 0 -1 0 -1
-1
0
4 0 2 0 -1 2 1
1 1 -1
0 1 -1
-1 1 -1
1 1 -1
1
0
0
-1
0 0 -1
-2 1 -1
1 0 1 0 -1
0
0
-1 0 -1 0 -1
-1
-2 0 -1 0 2 0 1 0 -1
-3 0 -1 0 2
-2 0 -1 0 2
-1 1 1
0
-1
0
0
1 1 -1 0 -1
1 1 -1 0 -2
1 1 -2 0 -2
2 0 1 0 -2 0 -1
2 0 1 0 -2 0 -1
3 0 1 0 -1 0 -1
3 0 1 0 -1
1
1
0
1
0
0
1
0
1
0
0
0
0
0
0
1
0
0
0 0 -1
4 0 -1 3 -1
1 0 1
1
0
0
0
0
1
-1
1
0
0
0
0
0
0
0
0
0
0
0
0
-1
0
0
0
0
0
0
0
0
0
0
-1 0 -1
-4 0 -4 0 2 1 -1 0 1
-5 1 2
0 1 3
1 1 3
1 1 2
1 0 1 0 2
1 0 1 0 2
2 1 1
1
10 0 -1 2 1
-2 1 -2 2 -1
8 0 4 0 -1 1 -1 0 1
3
0
0
0
0
0
0
-1
0
0
-1 0 -1 0 1
-5 0 -2 0 1
-3 0 1 0 1 2 -1
4 0 1
0
1
0
1
-1
0
0
0
0
0
0
0
-2 0 -1
-2 1 -2
0 1 -2
0 1 -1
0 0 1 0 -1
1 1 -1
1 1 -3
0 1 -3
0 1 -3
-2 1 -2
1 0 2 0 -1 1 -1 0 -1
6 0 1 3 1
0 0 -1 0 -1
-1 1 -2 0 1
-1 0 -1 0 -4 0 2 5 -1
-2 1 -4 0 1
-3 0 -1 0 -3 2 -1
-1 1 -3
2 0 1 0 -5 0 1 5 -1
0 1 -5 0 1 5 -1
-2 1 -4 0 1
0 1 -4 0 1
0 1 -4 0 1
0 1 -3 0 1
0 0 -1 0 -2 0 1
-1 1 -1 0 1
-1 1 -1 0 1
0
0
1
1 1 1
1 0 1 0 1
1 0 1 0 2
2 0 1 0 2
1 1 2
1 0 1 0 1
1
2 0 1 0 -1
2
0
0
0
0
0
0
1
0
-2 0 -1 0 -3 0 1 0 1
-1 1 -3
0 1 -3 0 1
1 0 1 0 -2 1 -1
2 1 -1
1
0
0
1 0 -1
-2
0
1
0
0
0
1
0
0
0
0
0
0
0
0
0
0
0
0
0
0
0
0
0
0
-1
0
0
0
0
0
0
0
-1
-1 0 -1 0 1
-1 1 2
0 1 2
0 1 1
1 1 1
0 1 1
0 1 1
0
-1 1 1
9 0 -2
-5 0 -1 3 -1
9 0 5 3 2
4
0
0
0
0
0
0
0
-1
0
0
-4 0 -3 0 1
-3 0 1 0 1
2
0
1
0
0
0
0
0
0
0
0
-1
0
-1 0 -1
-1 1 3 1 -1 2 -1
0 1 2
0 1 3
1 1 3
-1 0 -1 0 3 0 -1
-1 1 4 0 -1
0 1 4 0 -1
1 1 4 0 -1
0 1 4 0 -1
2 0 2 0 3 1 1
3 1 -1 1 1
-2 0 -1 0 -1 1 -1
-3 0 -2 0 1 0 -1 0 -1
-3 0 -1 0 2
-2 1 1
-1 1 2
0 1 2
-1 1 2
0 1 2
0 1 2
0 1 2
0 1 2
0 1 1
0 1 1
1 1 1
1 1 1
0 1 1
1
1 0 1 0 1
2 0 1
2 0 1
2 0 1
2
0
0
0
1
1 0 1 0 -1
2
0
0
0
0
0
1
0
-7 0 -2 3 -2 0 -1
-1 1 1 1 -1
2 0 1 0 2
3 0 1 0 1
2
1
0
1
1 0 -1
-2
1
0
0
0
0
0
1
0
0
0
0
0
0
0
0
0
0
0
0
0
0
0
0
0
0
0
0
0
-1
0
0
0
0
-1 0 -1
0
0
0
-1
0
0
0
0
7 0 -2 0 1
-6 0 -1 0 1 0 -1 1 -1
8 0 5 3 1
4
0
0
0
0
0
0
0
0
0
-1
-2 0 -2 0 1
-4
0
1 0 1
1
0
-2 1 -2
0 1 -2
2
0
0
0
-1
0
0
-1 0 -1
3 0 2 3 1
-1 0 -1
0 1 -1
-1 0 -1 0 -2
0 0 1 0 -1 1 -1
3 0 1 0 1 1 -1 0 1
1 1 2
0 1 1
0 1 1
-1 0 -1
-1
0
-1 1 1
0 1 2
-1 1 2
-1 1 3
-1 1 3
-1 1 3
0 1 3
0 1 3
0 1 3
-1 1 2
1 1 3
0 1 3
0 1 3
1 1 3
0 1 3
1 1 3
1 1 2
1 1 2
0 1 1
1
0
1
0
0
0
1
2 0 1
1
0
0
0
0
0
1
-3 0 -1 0 2 1 -1 0 -1
0 0 1 0 2
1 1 1
1
0
0
0
1 0 1
0 0 -1
-1
0
0
0
0
0
0
0
0
1
0
0
0
0
0
0
0
0
0
0
0
0
0
0
0
0
0
0
0
0
0
-1
0
0
-1
-1
0 1 -1
0 1 -1
-1 1 -1
0 1 -1
1
0
0
5
-2 0 -1 0 2 2 -1
2 0 3
4
0
0
0
0
0
0
0
0
0
-1
-1 0 -1 0 -1
-4 0 -2
-1
-1 1 -1
-1 0 -1 0 -2 0 -1
-1 0 -1 0 -2 0 -1 5 -1
-2 1 -1 0 -1
0 1 -1 0 -1
5 0 2 3 1
2
0
-1
0
0
0
-1
3 0 2 3 1
-1 0 -1
-1
-3 0 -2
-2 0 1 0 -1
9 0 3 3 1
2
-1
-1
-1 0 -1
-1
0
0
0
1
-1 1 1
1 1 1
-1 1 1
0 1 1
0 1 1
0 1 1
0 1 2
0 1 1
0 1 1
0 1 1
1 1 1
0 1 1
0
0
-1
0
0
0
0 0 1
1
0
1
0
1 0 1
2
0
0
0
0
0
1
0
-1
0
0
0
0
0
1 0 1
-1 0 -1
0
0
0
0
0
0
0
0
0
0
1
0
0
0
0
0
0
0
0
0
-1
1
0
0
0
0
0
0
0
0
0
0
-1
0
0
-3 0 -2 2 1
-5 1 -3
0 1 -3
1 1 -3
0 1 -3
1 1 -3
1 1 -3
0 1 -2
5 1 -1
0
1 0 2 0 1
3
0
0
0
0
0
0
0
0
0 0 -1
-4 0 -2 0 -2 1 1 0 1
-4 0 -1 0 -4 0 1 5 -1
-1 0 -1 0 -4 0 1 0 -1 4 -1
-1 1 -3 0 1 5 -1
-1 1 -2 0 1 5 -1
-1 1 -1
1
0 1 1
1 1 1
3 0 1
1
0
0
0
0
0
0
2 0 2 3 1
-1 0 -1 3 -1
-1
-1 0 -1 0 1 2 1
-4
9 0 3 3 1
2
-1 0 -1
-1 0 -1
-2
0
0
0
0
0
1
0
0
1
0
0
0
0
0
0
0
-1
0
-1
0
0
0
1
-1
1
0
0
1
0
2 0 1
1
0
0
0
0
0
1 0 -1
-2 1 -1
1
0
0
0
0
0
0
0
0
0
0
0
0
0
1
0
0
0
0
0
0
0
0
0
0
0
0
-1
1
0
0
0
0
0
-1
0
1
0
0
-1
0
0
-3 0 -3 0 1 1 -1 0 1
-8 0 -1 0 2 0 -1 1 -1 0 -1
-1 1 2
0 1 1 0 -1
0 1 1 0 -1
0 1 1 0 -1
1 1 1 0 -1
1 1 1 0 -1
7 0 -1
2 0 1
2 0 1
2
0
0
0
0
1
1
0
0
-1 0 -1
-5 0 -3 0 2 1 -1
-6 0 -2 0 4 0 -1
-2 0 -1 0 2
-1 1 1
0
1
0 1 -1
2 0 1 0 -2
1 1 -3 0 1
0 1 -3
1 0 1 0 -4
1 1 -3
1 1 -2
1 1 -1
0
1
-1
2 0 1 0 -1 2 1
-1 0 1
0
-1 0 -1 3 1
-3
8 0 3 3 1
2
-1 0 -1
-2 0 -1
-1
0
0
0
0
0
0
0
1
0
0
0
0
0
0
0
0
-1
0
0
0
0
0
1
-1
0 0 1
1
0
0
1
2 0 1
1
0
0
0
0
0
2 0 -2 3 1
-5 0 -1 0 -3 1 1
2 0 3 0 -2 1 -2 0 1
3
0
0
0
-1 0 -1
0
1 0 1
1
0
-1
1
0
0
0
0
0
0
0
0
0
0
0
0
0
0
0
0
0
0
0
0
0
0
-1
0
1
0
0
0
-1
0
-1 0 -1
-5 0 -1 0 2 2 -1
0 1 2
0 1 2
0 1 2
0 1 2
1 1 2
0 1 2
6
1
0 0 1 0 -1
1 0 -1 0 -2 1 1
-2 0 -1 0 -3
4 0 2 0 -1 1 -1 0 1 0 1 0 -1
1
0
1
1
0
0
-2 0 -2
-2
-1 1 1
-3 0 -1 0 2
-2 0 -1 0 3
-1 1 3
-1 1 2
-1 1 2
0 1 1
0 1 1
-1
1
0
1 1 -1
1 1 -2
1 1 -2 0 -1
0 1 -2
1 1 -2
1 1 -1 2 1
0 0 1 0 -1
2
-1 0 -1 3 1
-2
7 0 3 3 2
2
-1 0 -1
-2
-1
0
0
0
0
0
0
0
0
0
0
0
0
0
0
0
0
0
0
0
0
0
0
1
0
-1
1
0
0
0
3 0 2
1
0
0
0
0
0
2 0 -2 3 1
-8 0 -1 1 -1 1 -1 0 -1
3 0 5 3 1 0 -1 1 -1
4
1
0
0
-1 0 -1
0 0 1
1 0 1
1
0
0
0
0
0
0
0
0
0
0
0
0
0
0
0
0
0
0
0
0
0
0
0
0
0
0
0
0
0
0
0
0
0
-1 0 -1
-2 1 1
0 1 1
0 1 1
0 1 2
0 1 1
1 1 1
0
6 0 -1 0 -1 0 1
-2 0 -2 0 -3 1 1
-3 1 -3 0 -1
-1 1 -1 0 -2 0 -1 4 -1
2 0 2 0 1 0 -1 0 -1
8 0 2 2 1 0 1
1
0
1
1
0
0
-3 0 -1
-1
0
0
-1 1 1
-1 1 1
-1 1 1
-1 1 1
-1 1 1
0 1 2
-1 1 2
0 1 2
0 1 2
-1 1 2
0 1 2
0 1 1
0 1 1
0
1
1 0 1
1
1 0 -1
-3
7 0 4 3 1
3
-1 0 -1
-3
0
0
0
0
0
0
0
0
0
0
0
0
0
0
0
0
0
0
0
0
0
0
0
1
-1
0
0
1
0
0
2 0 2
2
0
0
0
0
1
0 0 -1
-4 0 -1 0 2
1 0 1 0 1 1 1
1
0
0
1
-1 0 -1
0 0 1
2
0
0
0
0
0
0
0
0
0
0
0
0
0
0
0
0
0
0
0
0
0
0
0
0
0
0
0
0
0
0
0
0
0
-1
0
-1
1
0
0
0
-1
0
12
-3 0 -1 0 1 0 -1 0 -1 0 -1
3 0 1 0 3 0 -1 1 1
3 0 2 0 4 0 -1 4 -1
4 0 2 0 2 1 1
4 0 1
0
0
1
1
0
-1 0 -1
-2
-1
0
0
0
0 1 1
0 1 1
-1 1 1
0 1 1
-1 1 1
0 1 1
0 1 1
-1 1 1
0 1 1
0 1 1
0 1 1
0 1 2
0 1 2
1 1 2
0 1 2
0 1 2
-1 0 -1 0 1
-2 0 -1
5 0 4 3 1
3
-2 0 -2 0 -1
-2 0 1
1
0
0
0
0
0
0
0
0
0
0
0
0
0
0
0
0
0
0
0
0
0
0
0
0
-1
1
0
0
1
2 0 2
2
0
0
0
0
1
0
-1 0 -1
0
-1
0
0
0
0
0 0 1
2
0
0
0
0
0
0
0
0
0
0
0
0
0
0
0
0
0
0
0
0
0
0
0
0
0
0
0
0
0
0
0
0
0
-1
-1
-1
2
0
0
-1
0
0
7 1 3
1 0 1 0 4 0 1
3 0 1 0 2 0 1 0 1
2 1 1
0
0
0
0
1
0
1
-1 0 -1
-3
0
0
0
0
1
0
0
0
0 1 1
0 1 1
0 1 1
0 1 1
-1 1 1
0 1 1
1 1 1
0 1 1
0
0
-1
0
0
-2 0 -1 0 1 1 -1
1 0 2 2 1
3 1 -1
-4 0 -3 0 -1
0 0 1
2
0
0
0
0
0
0
0
0
0
0
0
0
0
0
0
0
0
0
0
0
0
0
0
0
-1
0
1
0
0
1 0 1 0 -1
2 1 -1
2
0
0
0
0
1
-1
0
-1
0
0
0
0
0 0 1
2
0
0
0
0
0
0
0
0 1 -1
0
0
0
0
0
0
0
0
0
0
0
0
0
0
0
0
0
0
0
0
0
0
0
0
0
-1
-1
-1
1
0
0
-1
0
0
2 1 1
1
0
0
0
0
0
0
1
0
1
-1 0 -1
-3
0
0
0
0
0
1
0
0
1
0
0
0
0
0
0
-1
0
-1
0
0
0
0
-1 1 1
1 0 1 0 -1
-3 0 -3 0 -1 2 -1
1 0 2
2
0
0
0
0
0
0
0
0
0
0
0
0
0
0
0
0
0
0
0
0
0
0
0
0
-1 0 -1
-1 1 -1
0 1 -1
0 1 -1
0 1 -2
-1 0 -1 0 -3
-1 1 -4 0 -1
7 0 4 0 -1 1 -1 0 3 0 1 0 -1
2
0
0
0
1
-1 0 -1
-1
0
0
0
0
0
1 0 1
1
0 0 -1 0 -1
-3 0 -1 0 -2
-2 0 -1 0 -3 0 -1
-1 1 -4 0 -1
0 1 -4 0 -1
-1 1 -5 0 -1
0 1 -4 0 -1
1 1 -4 0 -1
1 1 -4 0 -1
0 1 -3
0 1 -3
1 1 -3
0 1 -3
1 1 -2
0 1 -2
0 1 -2
1 1 -2
0 1 -2
0 1 -1
1 1 -1
0 1 -1
0 1 -1
0 1 -1
1 1 -1
0
0
0
0
0
0
0
0
0
-1
0
-1
-1
0
0
0
0
0
1
0
1
0
1
1
1
0
1
1
0
-1 0 -2
-3
0
0
0
0
0
0
0
1
0
0
0 1 -1
0 1 -1
0 1 -1
0 1 -1
0 1 -1
-1
0
0
0
0
0
0
0
-1 0 -1
-4 0 -3
2 0 2 3 1
3
0
0
0
0
0
0
0
0
0
0
0
0
0
0
0
0
0
0
0
0
0
0
0
0
-1 0 -1
-4 2 -1
0 2 -1
0 2 -1
0 2 -1
0 1 1 0 -1
0 1 2 0 -1 0 -1
8 0 3 0 1 1 1 0 2 0 1 0 1
2
0
0
0
1
-1 0 -1
-1
0
0
0
0
0
1 0 1
0 0 -1 0 -1
-2 0 -1 0 -1
-1
-2 0 -1 0 1
-2 0 -1 0 1
-1 1 1
0 1 1
-1
0
0
0 1 -1
0 1 -1
0 1 -1
0 1 -1 0 -1
0 1 -1 0 -1
0 1 -1 0 -1
1 1 -1 0 -1
0 1 -2 0 -1
0 1 -2 0 -1 5 -1
0 1 -2 0 -1 5 -1
1 1 -2 0 -1 5 -1
1 0 1 0 -3 0 -1
1 1 -3
1 1 -2
0 1 -2
2 1 -2
1 0 1 0 -2
1 1 -2
0 0 1 0 -1
1
0
0
0
0
0
-1
0
-1
-1
0
0
0
0
1
0
1
0
0
0
1
1
0
0
1
-2 0 -2
-2
0
0
-1
0
1
0
0
0
0
0
0
0
0
0
0
0
0
0
0
0
0
0
0
0
-4 0 -3 0 1
1 0 2 3 1
3
0
-1
0
0
1
0
0
0
0
0
0
0
0
0
0
0
0
0
0
0
0
0
0
0
-1 0 -1
0 1 2 1 -1
0 1 3 6 1
0 1 2
1 1 2
1 1 2
1 0 1 0 2 2 -1
2
1
0
0
0
1
-1 0 -1
-1
0
0
-1
1
1 0 1
0
-2 0 -1 0 -1
0
0
0
-1 1 1
-1 1 1
-1 1 2
-2 1 2
0 1 1
-1 1 1
0 1 1
-1 1 1
0 1 1
0 1 1
0 1 1
0
0
0
0
0
1
0
0
0
0
1
1
1 0 1
2 0 1 0 -1
2 0 1 0 -1
2 1 -1
0
0
0
0
0
-1
-1 0 -1
-1
0
0
0
0
1
0
1
0
0
0
1
0
0
1
1
-2 0 -2
-2
0
-1
0
0
0
0
1
0
0
0
0
0
0
0
0
0
0
0
0
0
0
0
0
0
-1 0 -1 0 1
-1 0 1 2 1
2
-1
0
0
0
0
0
0
0
1
0
0
0
0
0
0
0
0
0
0
0
-1
1
0
0
-1
4 0 2 3 1
1
0
0
0
0
1
0
0
0
0
0
2 0 -1
-1
-1
0
0
1 0 1
1 0 1
0 0 -1
-2
0
0
0
0
0
0
-1 1 1
0 1 1
-1 1 1
-1 1 1
0 1 1
-1 1 1
0 1 1
0 1 1
0 1 1
-1 1 1
1 1 1
-1 1 1
1 1 1
0 1 1
0 1 1
0 1 1
0 1 1
1 1 2
1 1 2
1 1 2
1 1 1
0 1 1
0 1 1
0 0 1 0 -1
3 0 1 0 -1
0
0
-1
0
0
0 0 -1
-2
0
0
0
0
1
0
1
0
0
1
0
0
0
0
0
-2 0 -2
-2
0
-1
0
0
0
0
0
1
0
0
0
0
0
0
0
0
0
0
0
0
0
0
0
0
0
-1 0 -1
0
0
0
0
0
0
0
0
0
0
0
0
0
0
1
0
0
0
0
0
-1
0
1
0
0
-1
4 0 2 3 1
2
0
1
0
1
0
0
0
0
0
0
2 0 -1
-2
0
0
0
1 0 1
1
-1 0 -1
-1
0
0
0
0
0
0
1
0
0 1 1
-1 1 1
0 1 1
-1 1 1
0 1 1
0 1 1
-1 1 1
0 1 1
0 1 1
0 1 1
1 1 1
0 1 1
0 1 2
1 1 2
0 1 2
1 1 1
0
0
0
0
0
-1
1 0 1
2 0 1
0
0
0
0
-1
-1
-1
0
0
0
1
1
0
0
0
1
0
0
1
1
0
-2 0 -2
-2
0
-1
0
0
0
0
0
1
0
0
0
0
0
-1
1
0
-1
1
0
0
0
0
0
0
0
-1 0 -1
-1
0
0
0
1
0
-1
1
0
0
0
0
0
0
0
0
0
1
0
-1
1
-1
0
1
0
-1
4 0 2 3 1
2
0
1
0
1
0
0
0
0
0
1
-1 0 -1
-2
0
0
0
1
1
-1
-1
0
0
0
0
0
0
0
1
0
1
0
0
0 1 1
0 1 1
0 1 1
0 1 1
0 1 1
0 1 1
0 1 1
0 1 1
0
0
0
-1
0
0
0
0
0
0
-1
1 0 1
2
0
0
0
0
-2 0 -1
-1
0
0
-1
1 0 1
1
0
0
0
1
1
1
1
0
1
-2 0 -2
-2
0
-1
0
0
0
0
0
1
0
0
0
0
-1
0
0
0
0
0
0
0
0
0
0
1
0
-1 0 -1
-2 0 -1
0 1 -1
1
0
0
0
0
0
0
0
0
0
0
0
0
0 1 -1
1 0 1
0
0
0
0
0
0
1
0
-1
4 0 2 3 1
2
1
0
0
1
0
0
0
0
0
1
-1 0 -2
-2
0
0
0
0
2 4 1
-2
0
0
0
0
0
0
0
0
0
1
0
1
0
0
0
0
0
1
-1
0
0
0
0
-1
0
0
0
-1
0
1
0
0
-1
2 0 1
2
1
0
0
-2 0 -1
-1
0
0
-1
3 0 2 0 -1 1 -1 0 -1
3
0
0
1
0
1
1
1
0
1
-2 0 -2
-2
0
-1
0
0
0
0
0
1
0
0
0
0
-1
0
0
0
0
0
0
0
0
0
0
0
0
-1 0 -1
-2 0 -2
-2 1 -1
1 1 -2
0 1 -2
1 1 -2
0 1 -1
1 1 -1
0 1 -1
0 1 -1
0 1 -1
0 1 -1
0 1 -1
0 1 -1
-1 1 -1
-1 1 -2
0 0 1 0 -2 1 -1
4 0 1
0
0
0
0
0
0
1
0
-1
4 0 3 3 1
2
0
1
0
1
0
0
0
0
0
0
3 0 -2
-2
0
0
1
0 0 1
1
-1
0
0
0
0
0
0
0
0
0
0
1
0
0
0
1 1 -1
0
0 1 -1
0 1 -1
0 1 -1
-1 1 -1
0 1 -1
0
-1
0
0
0
0
0
0
1
0
0
0
1 0 1
2
0
1
0
-2 0 -1
-1
0
0
-1
7 0 5 0 -1 1 -1 0 -2
7
0
0
1
0
1
1
0
0
0
-2 0 -2
-2
0
-1
0
0
0
0
0
0
0
0
0
0
0
0
0
0
0
0
0
0
0
0
0
0
0
-1 0 -1
-1 0 -1 3 1
-3 1 1
0 1 1
-1
0
1
0
0 1 -1
1 1 -1
0 1 -1
0
0
0
-1 0 -1
-1
0 0 2 3 -1
6 0 1 3 1
0
0
0
0
0
0
0
1
-1
4 0 3 3 1
2
0
1
0
1
0
0
0
0
0
1 0 -1
-4 0 -1 0 -1
0
0
0
0
1
0 0 -1
-1
1
0
0
0
0
-1
0
0
1
0
0
0
0
0
0
0
0
0
0
0
0
0
0
0
0
0
0
0
0
0
0
1
-1
1
2 0 1
1
1
0
-2 0 -1
-1
0
-1
0
8 0 6 3 -2
8
0
0
1
0
1
1
0
0
0
-2 0 -2
-3
1
-1
-1
1
0
0
0
0
0
0
0
0
0
0
0
0
0
0
0
0
0
0
0
0
0
0 0 -1
-2
0 1 1
1 1 2
-1 1 2
-1 1 2
0 1 2
-1 1 1
0 1 1
0 1 1
0
0 1 1
0 1 1
1 1 1
-1 1 1
0 1 2
1 0 2 0 2 1 1 0 -1
3
0
0
0
0
0
0
0
1
-1
4 0 2 3 1
2
0
0
1
1
0
0
0
0
0
2 0 -3 0 -1 2 1
-5 1 -1 2 -1
2
0
0
0
1 0 1
0 0 -1
-1
1
0
-1
1
0
-1
0
0
0
1
0
0
0
0
0
0
0
0
0
0
0
0
0
0
0
0
0
0
0
0
0
0
0
0
3 0 2 3 1
1
1
0
-2 0 -1
-2
0
0
0
9 0 7 3 -2
8
1
0
1
0
0
0
0
0
0
-2 0 -3
-3
1
-1
-1
0
1
0
0
0
0
0
0
0
0
0
0
0
0
0
0
0
0
0
0
0
0
-1 0 -1
0
2 0 1
2
-1 1 1
0 1 1
-1 1 1
-1 1 2
-1 1 2
0 1 2
0 1 2
0 1 2
1 1 2
0 1 2
1 1 2
0 0 -1 0 1
-1
0
0
0
0
0
0
0
0
0
0
3 0 2 3 1
2
1
1
0 1 -1
1
0
0
0
0
0
2 0 -2 0 1 1 -1 0 1
-5 1 1 2 -1
1
0
0
0
3 0 2 0 1
-1 0 -2
-1
1
0
-1
0
0
0
0
0
0
0
0
0
1
-1
0
0
0
0
1
0
0
-1
0
1
0
-1
1
0
0
0
0
0
0
0
1 0 2
3
0
1
-2 0 -2
-2
-1
0
0
9 0 7 3 -2
9
0
0
1
0
0
0
0
0
0
-3 0 -2
-2
1
-1
-1
0
0
1
0
0
0
0
0
0
0
0
0
0
0
0
-1
0
0
0
0
0
1
-1 0 -1
0
1 0 1 0 -1
1 1 -1
0 1 -1
0 1 -1
0 1 -1
1
1 1 1
0 1 1
0 1 1
1 1 1
0 1 1
0
-1
-1 0 -1
-2
0
0
0
0
0
0
0
0
0
-1
3 0 2 0 -1 2 1
1 1 -2
0 1 -2
1 0 -1 0 -1 2 1
-3 0 2 0 -2 1 -1 0 -1
5
0
0
0
0
0
1 0 -1
-3 0 -1 0 1 2 -1
-1 0 -1
-1
0
2 0 1 0 1
3 0 1 0 1
-3 0 -2
-1
1
-1
0
0
0
0
0
0
0
0
0
0
0
0
0
0
0
0
0
1
-1
0
0
0
0
0
1
0
0
0
0
0
0
-1
1 0 2 3 -1
4
1
0
-2 0 -2
-3
0
-1
0
10 0 7 3 -2
9
1
0
1
0
0
0
0
0
0
-3 0 -3
-2
1
-2
0
0
0
0
0
1
0
0
0
0
0
0
0
0
0
-1
0
0
0
0
0
0
0
0
0
0
0
0
0
1
1 0 1 0 -1
1 0 1 0 -1
2
0
1
-1
0 0 -1
-3 1 -1
-1 1 -1
0
0
0
0
0
0
0
0
0
0
-1
1 0 1
1 1 -1
-2 0 -1 0 -2
1 0 -2 0 -1 2 2
-1 0 4 3 -1
7
0
0
0
0
0
0
2 0 -1 0 1
-2 0 -1
-1 1 1
1 1 1
2 0 1
1 1 -1
-3 0 -2
-1
1
-1
0
0
0
0
0
0
0
0
0
0
0
0
0
0
0
0
0
0
0
0
0
0
0
0
0
1
0
0
0
0
0
-1
1 0 2 3 -1
3
0
0
-2 0 -2
-3 0 -1
-1 1 -1
-1 1 -1
-1 1 -1
10 0 7 3 -2
9
1
0
1
0
0
0
0
0
0
-3 0 -3
-2
0
-1
0
0
0
0
0
0
0
0
0
0
0
0
0
0
0
0
0
0
0
0
0
0
0
0
-1
1
0
0
0
0
0
1 0 1
4 0 1
0
0
0
-1 0 -1
-3 0 -1
-1
0
0
0
0
0
0
0
1
0
0
-1
1
-1 0 -1 0 -1
-2 0 -1 0 -1
3 0 -2 0 1 2 2
-1 0 4 3 -1
7
0
0
0
0
0
0
1 0 -1
-2 0 -1
0 0 1
1
0 1 -1
-2 1 -1
-1 0 -1
-1 0 1
2
-1
0
0
0
0
0
0
0
0
0
0
0
0
0
0
0
0
0
0
0
0
0
0
0
0
0
0
0
0
0
0
1
-1
1 0 2 3 -1
3
0
0
-1 0 -1
-4 0 -2
-2
-1
0
10 0 7 3 -3
9
1
1
0
0
0
0
0
0
0
-3 0 -3
-2
0
-2
0
0
0
0 1 -1
0
0
1 1 -1
0 1 -1
0
0
0
0
0 1 -1
0
-1
0 1 -1
0 1 -1
0 1 -1
0 1 -1
0 1 -1
0 1 -1
0 1 -1
0 1 -1
0 0 -1 0 -1
-1 1 -1
1 1 -1
0 1 -1
0 1 -1
0 1 -1
0 1 -1
0 1 -1
1 0 1 0 -1 2 -1
3 0 1 0 -1
1 1 -1
0 1 -1
-1 1 -1
0 1 -1
-3 0 -1 0 -1 2 -1
-1 1 -1
0 1 -1
0 1 -1
0 1 -1
0 1 -1
0 1 -1
0 1 -1
0 1 -1
1 1 -1
0 1 -1
0 1 -1
-1
0 1 -1
-2 0 -2 0 -1
-1
5 0 -3 3 2 0 1
-1 0 4 3 -1
6
1
1
1
0
0
1
0 0 -1
-2 0 -1
-1 0 1 0 -1
1 1 -1
0 1 -1
-2
-1
0
1
0
-1
0
0
1
0
0
0
0
0
0
0
0
0
0
0
0
0
0
0
0
0
0
0
0
0
0
0
0
0
0
0
-1
1 0 2 0 -1 2 -1
4 1 -1
0 1 -1
-1 1 -1
-1 1 -1
-2 0 -1
-2
-1
0 1 1
10 0 7 3 -2
8 1 -1
1 1 -1
0 1 -1
0 1 -1
-1 1 -1
0 1 -1
0 1 -1
0 1 -1
0 1 -1
0 1 -1
-4 0 -3 0 -1
-2 1 -1
0 0 -1 0 -2
-2 1 -2
0 1 -2 0 1
0 1 -2 0 1
-1 1 -2 0 1
0 1 -3 0 1
0 1 -3 0 1
0 1 -3 0 1
0 1 -3 0 1
0 1 -3 0 1
0 1 -3 0 1
0 1 -3 0 1
0 1 -3 0 1
0 1 -3 0 1
0 1 -3 0 1
0 1 -3 0 1
0 1 -3 0 1
-1 1 -3 0 1
0 1 -3 0 1
0 1 -3 0 1
0 1 -3 0 1
0 1 -3 0 1
0 1 -3 0 1
0 1 -3 0 1
0 1 -3
-1 1 -3 0 1
0 1 -3 0 1
0 1 -4 0 1
0 1 -3 0 1
0 1 -4 0 1
0 1 -3 0 1
0 1 -4
0 1 -4 0 1 5 1
1 1 -3 0 1 1 -1
2 1 -4 0 1
0 1 -4 0 1
0 1 -4
0 1 -4
0 1 -4 0 1
-2 0 -1 0 -4 0 1
0 1 -4 0 1
0 1 -3 0 1
-1 1 -3
0 1 -3
0 1 -4 0 1
0 1 -4 0 1
0 1 -4
1 1 -4 0 1
0 1 -4
0 1 -3 0 1
0 1 -4 0 1
0 1 -3
0 1 -3
-1 0 -1 0 -2
-1 0 1 0 -1 2 -1
6 0 -2 0 -2 1 -1 0 2 0 1
-1 0 3 0 -1 1 1 0 -1
6 1 -2
0 1 -2
0 1 -2
0 1 -2
0 1 -2
0 1 -2
0 1 -2
0 1 -2
-2 0 -1 0 -1
-1 1 -1
0 1 -1
1 1 -1
-1
-1 0 -1 0 -1
0 0 1 0 -1
1 1 -1
0 1 -1
-1 1 -1
0 1 -1
0 1 -1
0 1 -1
0 1 -1
0 1 -1
0 1 -1
0 1 -1
0 1 -1
1 1 -1
-1 1 -1
0 1 -1
1 1 -1
0 1 -1
0 1 -1
0 1 -1
-1 1 -1
0 1 -1
1 1 -1
-1 1 -1
0 1 -1
0 1 -1
0 1 -1
0 1 -1
0 1 -1
0 1 -1
0 1 -1
0 1 -1
0 1 -1
0 1 -2
0 1 -1
-1 1 -1
0 0 1 0 -1 2 -1
3 1 -2
0 1 -3
-1 1 -2
0 1 -2
-1 1 -2
-1 1 -1
0 1 -1
0 1 -1
11 0 4 2 1 0 -1
6 1 -2
0 1 -2
0 1 -2
0 1 -2
0 1 -2
0 1 -2
-1 1 -2
0 1 -2
0 1 -2
-1 1 -2
-2 0 -2 0 -2
-3 0 -1 0 -2
-3 0 -1 0 -3
-2 0 -1 0 -3
0 1 -3
-1 1 -3
0 1 -4
-1 1 -4
0 1 -4
0 1 -3
0 1 -3
0 1 -4
0 1 -3
0 1 -4 0 -1
-1 1 -4
0 1 -4 0 -1
0 1 -4 0 -1
0 1 -4
1 1 -4
0 1 -4
-1 1 -3
-1 1 -3
0 1 -3
0 1 -4 0 -1
0 1 -3
0 1 -3
0 1 -4 0 -1
0 1 -4
0 1 -4
0 1 -4 0 -1
-1 1 -3
0 1 -3
0 1 -3
1 1 -3
0 1 -3
0 1 -3
1 1 -3
1 1 -4
0 1 -4
-1 1 -4
0 1 -3
-1 1 -3
1 1 -3
0 1 -3
0 1 -3
-1 1 -3
0 1 -3
1 1 -3
0 1 -3
0 1 -3
1 1 -3
0 1 -3
0 1 -3
-1 1 -3
1 1 -3
0 1 -2
2 0 1 0 -1 2 -1
4 1 -2 2 1
1 0 1 0 -1
3 1 -3
1 1 -2
0 1 -2
0 1 -2
0 1 -2
0 1 -2
0 1 -2
0 1 -2
-1 1 -2
0 1 -1
0 1 -1
0 1 -1
0 1 -1
0 1 -1
0 0 1 0 -1
0 1 -1
0 1 -1
0 1 -1
0 1 -1
0 1 -1
0 1 -1
0 1 -1
0 1 -1
0 1 -1
0 1 -1
0 1 -1
0 1 -1
0 1 -1
0 1 -1
0 1 -1
0 1 -1
0 1 -1
0 1 -1
0 1 -1
0 1 -1
0 1 -1
0 1 -1
-1 1 -1
0 1 -1
0 1 -1
0 1 -1
0 1 -1
0 1 -1
0 1 -1
0 1 -1
0 1 -1
0 1 -1
0 1 -1
0 1 -1
0 1 -1
0 1 -1
0 1 -1
-1 1 -1
0 1 -1
0 1 -1
0 1 -1
0 1 -1
-1 1 -1
12 0 1
2 1 -1
0 1 -1
0 1 -1
0 1 -1
0 1 -1
0 1 -1
0 1 -1
0 1 -1
-1 1 -1
0 0 -1 0 -1
-2 0 -1 0 -1
-3 0 -1 0 -1
-3 0 -1 0 -1
-3 0 -1 0 -1
-1 1 -1
0 1 -1
-1 1 -1
0 1 -1
0 1 -1
0 1 -1
0 1 -1
0 1 -1
0 1 -1
0 1 -1
-1 1 -1
0 1 -1
0 1 -1
0 1 -1
0 1 -1
0 1 -1
0 1 -1
0 1 -1
0
0 1 -1
0
0 1 -1
-1 1 -1
0 1 -1
0 1 -1
0 1 -1
0
0
0 1 -1
0
1 1 -1
0 1 -1
0 1 -1
0 1 -1
0
0
0 1 -1
0 1 -1
0 1 -1
0 1 -1
0 1 -1
0
0
1
0
0
0
1
0
0
1
1 0 1
2 0 1
4 0 1
2 0 1
1 1 -1
1
0
0
0
1
0
-1
0
0
0
0
1
0
-1
1
0
0
-1
1
0
0
0
0
0
0
0
0
0
0
0
0
0
0
0
-1
0
0
0
0
0
0
0
0
0
0
0
0
-1
0
0
0
0
0
0
0
-1
0
12
0
1
0
0
0
0
0
-1
0
-1
-1 0 -1
-3 0 -1
-3 0 -1
-2 0 -1
-1
-1
0
0
0
-1
0
0
0
0
0
0
0
0
0
0
0
0
0
0
0
-1
0
0
0
0
-1
0
1
0
0
1
0
0
0
0
0
0
0
0
0
0
0
0
1
0
0
0
0
1
1 0 1
1 0 1
2 0 1
3 0 1
2 0 1
1
1
0
1
0
0
0
0
0
0
0
0
0
0
0
0
0
0
0
0
0
0
0
0
0
0
0
0
0
0
0
0
0
0
0
0
0
0
0
0
0
0
-1
0
0
0
0
0
0
0
0
0
0
0
-1
0
0
0
12
0
0
0
0
1
-1
0
0
-1
0
-2 0 -1
-2 0 -1
-3 0 -1
-2 0 -1
-1
-1
0
0
0
0
0
0
-1
0
0
0
0
0
0
0
0
0
0
0
0
-1
0
0
0
0
-1
0
1
0
0
0
1
0
0
0
0
0
0
0
0
0
0
0
1
0
0
1
0
0
1
1 0 1
2 0 1
3 0 1
2
1
1
0
0
1
0
0
0
0
0
0
0
0
0
0
0
0
0
0
0
0
0
0
0
0
0
0
0
0
0
0
0
0
0
0
0
0
0
0
0
0
0
-1
0
0
0
0
0
0
0
0
0
0
-1
0
0
0
0
13
1
0
0
0
0
0
0
0
-1
-1
-1 0 -1
-2 0 -1
-3 0 -1
-2 0 -1
-1
-1
0
0
0
0
0
0
0
-1
0
0
0
0
0
0
0
0
0
0
0
0
-1
0
0
0
-1
0
1
0
0
0
1
0
0
0
0
0
0
0
0
0
0
1
0
0
0
1
0
1
0
1 0 1
3 0 1
2 0 1
2 0 1
1
1
0
0
0
1
0
0
0
0
0
0
0
0
0
0
0
0
0
0
0
0
0
0
0
0
0
0
0
0
0
0
0
0
0
0
0
0
0
0
0
0
-1
1
-1
0
0
0
0
0
0
0
-1
0
0
0
0
0
13
1
0
0
0
0
0
0
-1
0
-1
-1
-2 0 -1
-2 0 -1
-2 0 -1
-2 0 -1
-1
0
0
0
0
0
0
0
0
-1
0
0
0
0
0
0
0
0
0
0
0
-1
0
0
0
-1
0
0
1
0
0
1
0
0
0
0
0
0
0
0
0
0
1
0
0
1
0
0
1
0
1 0 1
2 0 1
3 0 1
2 0 1
1
0
1
0
1
-1
0
1
0
0
0
0
0
0
0
0
0
0
0
0
0
0
0
0
0
0
0
0
0
0
0
0
0
0
0
0
0
0
0
0
0
-1
0
0
0
0
0
0
0
0
0
0
-1
0
0
0
0
0
13
1
0
0
0
0
0
0
-1
0
-1
-1
-2 0 -1
-2 0 -1
-3 0 -1
-1
0
-1
0
0
0
0
0
0
0
0
-1
0
0
0
0
0
0
0
0
0
0
0
-1
0
0
0
-1
1
0
0
1
0
0
0
1
-1
0
0
0
0
0
0
1
0
0
0
1
0
1
0
1 0 1
2 0 1
3 0 1
2
1
0
0
1
0
0
0
0
1
0
0
0
0
0
0
0
0
0
0
0
0
0
0
0
0
0
0
0
0
0
0
0
0
0
0
0
0
0
0
0
0
0
-1
0
0
0
0
0
0
0
0
0
-1
0
0
0
0
0
13
0
1
0
0
0
0
0
0
-1
-1
-1
-2 0 -1
-2 0 -1
-2 0 -1
-2
0
0
-1
0
0
0
0
0
0
0
0
0
0
-1
0
0
0
0
0
0
0
0
0
-1
0
0
0
0
0
1
0
0
0
1
0
0
0
0
-1
1
0
0
0
0
0
1
0
0
1
0 0 1
2 0 1
1 0 1
3 0 1
2 0 1
1
0
0
1
0
0
0
0
1
0
0
0
0
0
0
0
0
0
0
0
0
0
0
0
0
0
0
0
0
0
0
0
0
0
0
0
0
0
0
0
-1
1
-1
0
0
0
0
0
0
0
0
-1
0
0
0
0
0
0
13
0
1
0
0
0
0
0
0
-1
-1
-1 0 -1
-1 0 -1
-3 0 -1
-2 0 -1
-1
-1
0
0
-1
0
0
0
0
0
0
0
0
0
0
0
0
0
0
-1
0
0
0
0
-1
0
0
0
0
0
1
0
0
0
1
0
0
0
0
0
0
0
0
0
0
1
0
0
1
0
1
1 0 1
1 0 1
3 0 1
2 0 1
1
0
0
1
0
0
0
0
0
0
1
0
0
0
0
0
0
0
0
0
0
0
0
0
0
0
0
0
0
0
0
0
0
0
0
0
0
0
0
0
-1
0
0
0
0
0
0
0
0
0
0
-1
0
0
0
0
0
0
13
0
0
1
0
0
0
0
0
-1
-1
-1 0 -1
-1 0 -1
-3 0 -1
-2 0 -1
-1
-1
0
0
0
-1
0
0
0
0
0
0
0
0
0
0
0
0
0
0
0
-1
0
0
-1
0
0
0
0
0
1
0
0
1
0
0
0
0
0
0
0
0
0
0
1
0
0
0
1
0
1
1 0 1
2 0 1
2 0 1
2 0 1
1
0
0
1
0
0
0
0
0
0
1
0
0
0
0
0
0
0
0
0
0
0
0
0
0
0
0
0
0
0
0
0
0
0
0
0
-1
0
1
-1
0
0
0
0
0
0
0
0
0
0
0
-1
0
0
0
0
0
0
13
0
0
1
0
0
0
0
0
-1
-1
-1 0 -1
-1 0 -1
-3 0 -1
-2 0 -1
-1
-1
0
0
0
0
0
-1
0
0
0
0
0
0
0
0
0
0
0
0
0
-1
0
0
0
-1
0
0
0
1
0
0
1
0
0
0
0
0
0
0
0
0
0
0
1
0
0
1
0
0
1
1 0 1
2 0 1
2 0 1
2 0 1
1
0
0
1
0
0
0
0
0
0
0
0
1
0
0
-1
0
1
0
0
0
0
0
0
0
0
0
0
0
0
0
0
0
0
0
-1
0
0
0
0
0
0
0
0
0
0
0
0
0
0
0
-1
0
0
0
0
0
0
13
0
0
0
1
0
0
0
-1
0
-1
-1 0 -1
-2 0 -1
-2 0 -1
-1
-2
0
-1
0
0
0
0
0
-1
0
0
0
0
0
0
0
0
0
0
0
0
-1
0
0
0
-1
0
0
0
1
0
0
1
0
0
0
0
0
0
0
0
0
0
0
1
0
0
0
1
0
1
1 0 1
2 0 1
2 0 1
2
0
1
0
1
0
0
0
0
0
0
0
0
0
0
0
0
0
1
0
0
0
0
0
0
0
0
0
0
0
0
0
0
0
0
0
-1
0
0
0
0
0
0
0
0
0
0
0
0
0
0
0
-1
0
0
0
0
0
0
13
0
0
0
1
0
0
-1
0
0
-1
-1 0 -1
-2 0 -1
-2 0 -1
-1 0 -1
-2
0
-1
0
0
0
0
0
-1
0
0
0
0
0
0
0
0
0
0
0
0
-1
0
0
0
0
-1
0
0
1
0
0
1
0
0
0
0
0
0
0
0
0
0
0
1
0
0
1
0
0
1 0 1
1
2 0 1
2 0 1
1
1
1
0
1
0
0
0
0
0
0
0
0
0
0
0
0
0
0
1
0
0
0
0
0
0
0
0
0
0
0
0
0
0
0
0
0
-1
1
-1
0
0
0
0
0
0
0
0
0
0
0
0
-1
0
0
0
0
0
0
13
0
0
0
1
0
0
0
-1
0
-1
-1
-2 0 -1
-2 0 -1
-1 0 -1
-2
0
-1
0
0
0
0
0
0
0
-1
0
0
0
0
0
0
0
0
0
0
0
0
-1
0
0
-1
0
1
0
0
1
0
0
0
0
0
0
0
0
0
0
0
1
0
0
0
1
0
1
0
1
2 0 1
2 0 1
1
1
1
0
0
1
0
0
0
0
0
0
0
0
0
0
0
0
0
0
1
0
0
0
0
0
0
0
0
0
0
0
0
0
0
0
0
-1
0
0
0
0
0
0
0
0
0
0
0
0
0
-1
0
0
0
0
0
0
0
13
0
0
0
1
0
0
-1
0
0
-1 0 -1
-1 0 -1
-2 0 -1
-1 0 -1
-2 0 -1
-1
-1
0
-1
0
0
0
0
0
0
0
-1
0
0
0
0
0
0
0
0
0
0
0
0
-1
0
-1
0
1
0
0
1
0
0
0
0
0
0
0
0
0
0
0
1
0
0
1
0
0
1
0
1
2 0 1
2 0 1
1
1
1
0
0
0
1
0
0
0
0
0
0
0
0
0
0
0
0
0
0
0
0
1
0
0
0
0
0
0
0
0
0
0
0
0
0
-1
0
0
0
0
0
0
0
0
0
0
0
0
-1
0
0
0
0
0
0
-1
0
13
0
0
0
1
0
0
-1
0
0
-1 0 -1
-1
-1 0 -1
-2 0 -1
-2
-1 0 -1
-1
0
0
0
-1
0
0
0
0
0
0
0
0
0
0
-1
0
0
0
0
0
0
0
-1
0
0
-1
1
0
1
0
0
0
0
0
1
0
0
-1
0
0
1
0
0
0
1
0
0
1
1
1
1 0 1
2 0 1
1
1
1
0
0
0
1
0
0
0
0
0
0
0
0
0
0
0
1
-1
0
0
0
1
0
0
0
0
0
0
0
0
0
0
0
0
0
-1
0
1
-1
0
0
0
0
0
0
0
0
-1
0
0
0
0
0
0
0
-1
0
13
0
0
0
0
1
0
0
-1
0
-1
-1
-1 0 -1
-2 0 -1
-2 0 -1
-1
-1
0
0
0
0
-1
0
0
0
0
0
0
0
0
0
0
0
0
-1
0
0
0
0
-1
0
0
0
0
0
1
0
0
0
0
1
0
0
-1
0
1
0
0
0
0
0
1
0
1
0
1
1
1 0 1
2 0 1
1
1
1
0
0
0
1
0
0
0
0
0
0
0
0
0
0
0
0
0
0
0
0
0
0
0
1
0
0
0
0
0
0
0
0
0
0
-1
0
1
-1
0
0
0
0
0
0
0
0
0
-1
0
0
0
0
0
0
-1
0
13
0
0
0
0
0
1
0
-1
0
-1
-1
-1 0 -1
-2 0 -1
-2 0 -1
-1
0
-1
0
0
0
0
-1
1
-1
0
0
0
0
0
0
0
0
0
0
-1
0
0
0
-1
0
0
0
0
0
1
0
0
0
1
0
0
0
0
0
0
0
0
0
0
1
0
0
1
0
1
1
1 0 1
2 0 1
1
1
1
0
0
1
0
0
0
0
0
0
0
0
0
0
0
0
0
0
0
0
0
0
0
0
0
1
0
0
0
0
0
0
0
-1
0
0
0
0
0
0
0
0
0
0
0
0
-1
1
-1
0
0
0
0
0
0
-1
0
13
0
0
0
0
0
0
1
-1
0
-1
-1 0 -1
-1 0 -1
-2 0 -1
-1
-1
-1
-1
0
0
0
0
0
0
-1
0
0
0
0
0
0
0
0
0
0
-1
0
0
0
-1
0
0
0
0
0
1
0
0
1
0
0
0
0
0
0
0
0
0
0
0
1
0
0
1
0
1
1
1 0 1
2 0 1
1
1
1
0
0
0
1
0
0
0
0
0
0
0
0
0
0
0
0
0
0
0
0
0
0
0
0
0
0
0
0
0
0
0
0
0
0
0
0
0
0
0
0
0
0
0
0
0
-1
0
0
0
0
0
0
0
0
-1
0
14
1
0
0
0
0
1
0
-1
0
-1
-1 0 -1
-1 0 -1
-2 0 -1
-1
-1
-1
-1
0
0
0
0
0
0
0
-1
0
0
0
0
0
0
0
0
0
0
0
-1
0
0
-1
0
0
0
1
0
0
1
0
0
0
0
0
0
0
0
0
0
0
1
0
0
1
0
0
1
1
1 0 1
2 0 1
1
1
1
0
0
0
0
1
0
0
0
0
0
0
0
0
0
0
0
0
0
0
0
0
0
0
0
0
0
0
0
0
0
0
0
0
0
0
0
0
0
0
0
0
0
0
0
-1
0
0
0
0
0
0
0
0
0
-1
0
14
1
0
0
0
0
1
0
-1
0
-1
-1 0 -1
-1
-2 0 -1
-1
-1
-1
0
-1
0
0
0
0
0
0
0
-1
0
0
0
0
0
0
0
0
0
0
0
-1
0
-1
0
0
0
1
0
0
1
0
0
0
0
0
0
0
0
0
0
0
1
0
0
1
0
1
0
1
1 0 1
2 0 1
1
1
0
1
0
0
0
1
0
0
0
0
0
0
0
0
0
0
0
0
0
0
0
0
0
0
0
0
0
0
0
0
0
0
0
0
0
0
0
0
0
0
0
0
-1
1
0
-1
0
0
0
0
0
0
-1
0
0
0
0
14
1
0
0
0
1
0
-1
0
0
-1
0
-2 0 -1
-1 0 -1
-2 0 -1
-1
-1
0
0
-1
0
0
0
0
0
0
0
0
0
0
0
0
0
-1
0
0
0
0
-1
0
0
-1
0
0
1
0
0
1
0
0
0
0
0
0
0
0
0
0
0
1
0
1
0
0
1
0
1
1 0 1
2 0 1
1
1
0
1
0
0
0
1
0
-1
1
0
0
0
0
0
0
0
0
0
0
0
0
0
0
0
0
0
0
0
0
0
0
0
0
0
0
0
0
0
0
0
0
0
0
0
-1
0
0
0
0
0
0
0
0
-1
0
0
0
14
0
1
0
0
0
1
-1
0
0
-1
-1
-1
-1 0 -1
-2
-1
0
-1
0
0
0
0
-1
0
0
0
0
0
0
0
0
0
0
-1
0
0
0
0
-1
0
-1
0
0
0
1
0
0
1
0
0
0
1
-1
0
0
0
0
0
0
1
0
1
0
1
0
0
1
2 0 1
1 0 1
1
1
0
1
0
0
0
0
1
0
-1
1
0
0
0
0
0
0
0
0
0
0
0
0
0
0
0
0
0
0
0
0
0
0
0
0
0
0
0
0
0
0
0
0
0
0
-1
0
0
0
0
0
0
0
0
-1
0
0
0
14
0
1
0
0
0
0
0
0
0
-1
0
-2 0 -1
-1 0 -1
-2
0
-1
-1
0
0
0
0
0
-1
0
0
0
0
0
0
0
0
0
0
-1
0
0
0
-1
0
-1
0
0
1
0
0
1
0
0
0
1
0
0
-1
0
0
0
0
1
0
0
1
0
1
0
1
0
2 0 1
1
1
1
1
0
0
0
0
1
0
0
0
0
0
0
0
0
0
0
0
0
0
0
0
0
0
0
0
0
0
0
0
0
0
0
0
0
0
0
0
0
0
0
0
0
0
0
-1
0
0
0
0
0
0
0
0
-1
0
0
0
14
0
1
0
0
0
1
-1
0
0
-1
-1
0 0 -1
-2 0 -1
-1
-1
-1
0
-1
0
0
0
0
0
0
-1
0
1
0
0
-1
0
0
0
0
-1
0
0
0
-1
0
-1
0
1
0
0
1
0
0
1
0
0
0
0
-1
0
0
1
0
0
1
0
0
1
0
1
1
1 0 1
1
1
1
1
0
0
0
1
0
0
0
0
0
0
0
0
0
0
0
0
0
0
0
0
0
0
0
0
0
0
0
0
0
0
0
0
0
0
0
0
0
0
0
0
0
0
0
-1
0
0
0
0
0
0
0
-1
0
0
0
0
14
1
0
0
0
0
1
-1
0
0
-1
-1
-1 0 -1
-1 0 -1
-1 0 -1
-1
-1
0
-1
0
0
0
0
0
0
0
-1
1
0
0
-1
0
0
0
0
0
-1
0
0
-1
0
0
0
0
0
0
1
0
0
1
0
0
0
0
0
-1
1
0
0
0
1
0
1
0
0
1
1
1 0 1
1 0 1
1
1
1
0
0
0
1
0
0
0
0
0
0
0
0
0
0
0
0
0
0
0
0
0
0
0
0
0
0
0
0
0
0
0
0
0
0
0
0
0
0
0
0
0
0
-1
0
0
0
0
0
0
0
0
0
-1
0
0
0
14
0
1
0
0
0
1
-1
0
0
-1
-1
0
-2 0 -1
-1 0 -1
-1
-1
0
0
-1
0
0
0
0
0
0
0
0
0
0
0
-1
0
0
0
0
-1
0
0
-1
0
0
0
0
0
1
0
0
1
0
0
0
0
0
0
0
0
0
0
0
1
0
1
0
1
0
1
1
1
1
1
1
0
0
0
1
0
0
0
0
0
0
0
0
0
1
0
-1
1
0
-1
0
0
1
0
-1
0
0
1
-1
0
0
0
0
0
0
0
0
0
0
0
0
0
0
0
-1
0
0
0
0
0
0
0
0
-1
0
0
0
14
0
0
1
0
0
0
0
0
0
-1
-1
-1 0 -1
-1
-1 0 -1
-1
0
-1
0
0
-1
0
0
0
0
0
0
0
0
0
0
-1
0
0
0
0
0
-1
0
-1
0
0
0
0
0
1
0
0
1
0
0
0
0
0
0
0
0
0
1
0
0
1
0
0
1
0
1 0 1
1
1
1
1
1
0
0
0
1
0
0
0
0
0
0
1
0
0
0
0
0
0
0
0
0
0
0
0
-1
0
1
0
-1
0
0
0
0
0
0
0
0
0
0
0
0
0
0
0
0
-1
0
0
0
0
0
0
0
-1
0
0
0
14
0
0
1
0
0
0
0
0
0
-1
0
-1 0 -1
-2
-1
-1
0
-1
0
0
0
-1
0
0
0
0
0
0
0
0
0
0
-1
0
0
0
0
-1
0
-1
0
0
0
0
0
1
0
1
0
0
0
0
0
0
0
0
0
0
1
0
0
1
0
1
0
0
1
1
1
1
1
1
0
0
1
0
0
0
0
0
0
1
0
0
0
0
0
0
0
0
0
0
0
0
0
0
0
0
0
0
-1
1
0
-1
0
0
0
0
0
0
0
0
0
0
0
0
0
-1
0
0
0
0
0
0
0
-1
0
0
14
0
0
1
0
0
0
0
0
0
-1
0
-1 0 -1
-2
-1 0 -1
-1
0
0
-1
0
0
0
-1
0
0
0
0
0
0
0
0
0
0
0
0
-1
0
0
-1
0
-1
0
0
0
0
1
0
1
0
0
0
0
1
-1
0
0
0
0
1
0
0
1
0
1
0
1
0
1
1
1
1
1
0
1
0
0
0
0
0
1
-1
1
0
0
0
0
0
0
0
0
0
0
0
0
0
0
0
0
0
0
0
0
0
0
-1
0
0
0
0
0
0
0
0
0
0
0
0
0
-1
0
0
0
0
0
0
-1
0
0
14
0
1
0
0
0
1
0
-1
0
0
-1
-1
-1
-2 0 -1
0
-1
0
0
-1
0
0
0
0
0
0
-1
0
0
0
0
0
0
0
0
0
-1
0
-1
0
-1
0
0
0
1
0
1
0
0
1
0
0
0
0
-1
0
0
1
0
0
1
0
0
1
0
1
0
1
1
2
0
1
0
1
0
0
0
1
-1
1
0
0
0
0
0
0
0
0
0
0
0
0
0
0
0
0
0
0
0
0
0
0
0
0
0
-1
0
1
-1
0
0
0
0
0
0
0
0
0
-1
0
0
0
0
0
0
-1
0
0
14
0
1
0
0
1
0
0
-1
0
0
-1
-1
-1 0 -1
-1
-1
-1
0
0
0
-1
0
0
0
0
0
0
0
0
0
-1
0
0
0
0
0
-1
0
0
-1
-1
0
0
0
1
0
1
0
0
1
0
0
0
0
0
0
0
0
0
0
1
0
1
0
0
1
1
1
1
1
0
1
0
1
0
0
0
1
0
0
0
0
0
0
0
0
0
0
0
0
0
0
0
0
0
0
0
0
0
0
0
0
0
0
0
0
0
0
0
0
-1
0
0
0
0
0
0
0
0
-1
0
0
0
0
0
0
0
-1
14
0
1
0
1
0
0
0
0
-1
0
-1
-1
-1 0 -1
-1
-1
0
-1
0
0
0
-1
0
0
0
0
0
0
0
0
0
0
-1
0
0
0
0
-1
-1
0
-1
0
0
0
1
0
1
0
1
0
0
0
0
0
0
0
0
0
0
1
0
0
1
0
1
0
1
1
1
1
0
1
1
0
0
0
1
0
0
0
0
0
0
0
0
0
0
0
0
0
0
0
0
0
0
0
0
0
0
0
0
0
0
0
0
0
0
0
0
0
0
-1
0
0
0
0
0
0
0
0
-1
0
0
0
0
0
-1
0
14
0
1
0
1
0
0
0
0
-1
0
-1
-1
-1 0 -1
-1
-1
0
-1
0
0
0
0
0
0
-1
0
0
0
0
0
0
0
0
-1
0
0
0
-1
0
-1
-1
0
0
0
1
1
0
1
0
0
0
0
0
0
0
0
0
0
0
1
0
1
0
1
0
1
0
1
1
1
1
0
1
0
0
1
0
0
0
0
0
0
0
0
0
0
0
0
0
0
0
0
0
0
0
0
0
0
0
0
0
0
0
0
0
0
0
0
0
0
0
0
-1
0
0
0
0
0
0
0
-1
0
0
0
0
0
-1
0
14
0
1
0
0
1
0
0
0
-1
0
-1
-1
-1
-1
-1
0
0
-1
0
0
0
0
0
0
-1
0
0
0
0
0
0
0
0
0
-1
0
0
-1
-1
-1
0
0
1
0
1
0
1
0
0
0
0
0
0
0
0
0
0
1
0
0
1
0
1
0
1
0
1
1
1
1
0
1
0
1
0
0
0
0
0
0
0
0
0
0
0
0
0
0
0
0
0
0
0
0
0
0
0
0
0
0
0
0
0
0
0
0
0
0
0
0
-1
0
0
0
0
0
0
0
0
-1
0
0
0
0
0
-1
0
14
0
1
0
0
1
0
0
0
-1
0
-1
0
-1
-1
-1
-1
0
0
-1
0
0
0
0
0
0
0
0
0
0
-1
0
0
0
0
0
-1
0
-1
-1
0
-1
0
1
0
1
0
1
0
0
1
0
0
-1
0
0
0
0
1
0
1
0
0
1
0
1
1
1
0
1
1
1
0
0
0
1
0
0
0
0
0
0
0
0
0
0
0
0
0
0
0
0
0
0
0
0
0
0
0
0
0
0
0
0
0
0
0
0
0
-1
0
0
0
0
0
0
0
0
0
-1
0
0
0
0
0
0
0
-1
14
1
0
0
1
0
0
0
0
0
-1
-1
0
-1
-1
-1
0
-1
0
0
0
-1
0
0
0
0
0
0
0
0
0
0
0
-1
0
0
-1
0
-1
-1
0
0
0
0
0
1
1
0
0
1
0
0
0
0
0
-1
0
1
0
0
1
0
1
0
1
0
1
1
1
0
1
1
0
0
0
1
0
0
0
0
0
0
0
0
0
0
0
0
0
0
0
0
0
0
0
0
0
0
0
0
0
0
0
0
-1
1
0
0
0
-1
0
0
0
0
0
0
0
0
0
-1
0
0
0
0
0
-1
0
0
14
1
0
0
1
0
0
0
0
0
-1
0
-1
-1
-1
-1
0
-1
0
0
0
0
0
-1
0
0
0
0
0
0
0
0
0
0
-1
0
0
-1
-1
0
-1
0
0
0
1
0
1
0
1
0
0
0
0
0
0
0
0
0
0
0
1
1
0
0
1
0
1
1
1
1
0
1
0
0
1
0
0
0
0
0
0
0
0
0
0
0
0
0
0
0
0
0
1
-1
0
0
0
0
0
0
0
0
0
0
0
0
0
0
0
0
0
-1
0
0
0
0
0
0
-1
0
0
0
0
0
0
0
-1
0
14
1
0
0
1
0
0
0
0
0
-1
0
-1
-1
-1
-1
0
0
-1
0
0
0
0
0
0
-1
0
0
0
0
0
0
0
0
-1
0
0
-1
0
-1
-1
0
0
0
1
0
1
0
1
0
0
0
0
0
0
0
0
0
0
1
0
1
0
0
1
0
1
1
1
1
0
1
0
0
1
0
0
0
0
0
0
0
0
0
0
0
0
0
0
0
0
0
0
0
0
0
0
0
0
0
0
0
0
0
0
0
0
0
0
0
0
-1
0
0
0
0
0
0
-1
0
0
0
0
0
0
-1
0
0
14
1
0
0
1
0
0
0
0
0
-1
0
-1
-1
-1
0
-1
0
-1
0
0
0
0
0
0
0
0
-1
0
0
0
0
0
0
0
-1
0
-1
0
-1
-1
0
0
0
1
1
0
1
0
0
0
0
0
0
0
0
0
0
0
1
0
1
0
1
0
1
0
1
1
1
0
1
0
0
1
0
0
0
0
0
0
0
0
0
0
0
0
0
0
0
0
0
0
0
0
0
0
0
0
0
0
0
0
0
0
0
0
0
0
0
-1
0
0
0
0
0
0
0
0
0
-1
0
0
0
0
0
-1
0
14
0
1
0
1
0
0
0
0
0
-1
0
-1
-1
-1
0
-1
0
0
-1
0
0
0
0
0
0
0
0
0
-1
0
0
0
0
0
-1
0
-1
0
-1
-1
0
0
0
1
1
0
1
0
0
0
0
0
0
0
0
0
0
0
1
0
1
0
1
0
1
0
1
1
1
0
1
0
1
0
0
0
0
0
0
0
1
-1
0
0
0
0
0
0
0
0
0
0
0
0
0
0
0
0
0
0
0
0
0
0
0
0
0
0
0
-1
0
0
0
0
0
0
0
0
0
0
-1
0
0
0
0
0
-1
14
1
0
0
0
1
0
0
0
0
-1
0
-1
-1
0
-1
-1
0
0
0
-1
0
0
0
0
0
0
0
0
0
0
-1
0
0
0
-1
0
0
-1
-1
-1
0
0
0
1
1
0
1
0
0
0
0
0
0
0
0
0
0
0
1
0
1
0
1
0
1
1
0
1
1
1
0
0
1
0
0
0
0
0
0
1
0
0
-1
0
0
0
0
0
0
0
0
0
0
0
0
0
0
0
0
0
0
0
0
0
0
0
0
0
0
-1
1
-1
0
0
0
0
0
0
0
0
-1
0
0
0
0
0
-1
14
1
0
0
1
0
0
0
0
0
-1
0
-1
-1
0
-1
0
-1
0
0
0
-1
1
-1
0
0
0
0
0
0
0
0
-1
0
0
0
-1
0
-1
-1
-1
0
0
0
1
1
0
1
0
0
0
0
1
0
-1
0
0
0
0
1
0
1
1
0
0
1
1
0
1
1
1
0
0
1
0
0
0
0
0
0
1
0
0
0
-1
0
0
0
0
0
0
0
0
0
0
0
0
0
0
0
0
0
0
0
0
0
0
0
0
0
0
0
-1
0
0
0
0
0
0
0
0
0
-1
0
0
0
-1
0
14
1
0
0
1
0
0
0
0
0
-1
0
-1
-1
0
-1
0
-1
0
0
0
0
0
-1
0
0
0
0
0
0
0
0
0
-1
0
0
-1
0
-1
-1
-1
0
0
1
0
1
1
0
0
1
0
0
0
0
0
0
0
-1
1
0
1
0
1
0
1
0
1
1
0
1
1
0
0
1
0
0
0
0
1
-1
1
0
0
0
-1
1
-1
0
0
0
0
0
1
-1
0
0
0
0
0
0
0
0
0
0
0
0
0
0
0
0
0
0
0
-1
0
0
0
0
0
0
0
0
-1
0
0
0
-1
0
14
1
0
0
1
0
0
0
0
0
0
-1
-1
0
-1
-1
0
0
-1
0
0
0
0
0
0
-1
0
0
0
0
0
0
0
0
0
-1
0
-1
-1
0 0 -1
-1
-1
0
1
1
0
1
0
0
1
0
0
0
0
0
0
0
0
0
1
0
1
0
0
1
0
1
1
0
1
1
0
0
1
0
0
0
0
1
0
-1
1
0
0
0
0
-1
0
0
0
1
0
0
-1
0
0
0
0
0
0
0
0
0
0
0
0
0
0
0
0
0
0
0
-1
0
0
0
0
0
0
0
0
-1
0
0
0
-1
0
14
1
0
0
1
0
0
0
0
0
0
-1
-1
0
-1
0
-1
0
0
0
-1
0
0
0
0
0
0
0
0
-1
0
0
0
0
0
-1
0
-1
0
-1 0 -1
-1
-1
0
1
1
1
0
0
1
0
0
0
0
0
0
0
0
0
0
1
0
1
0
1
0
1
0
1
0
1
1
0
1
0
0
0
0
0
0
0
0
0
1
0
0
0
-1
1
0
0
0
-1
1
-1
0
0
0
0
0
0
0
0
0
0
0
0
0
0
0
0
-1
0
0
0
0
0
0
0
0
-1
0
0
0
0
0
0
-1
0
14
1
0
0
1
0
0
0
0
0
0
-1
-1
0
-1
0
-1
0
0
0
-1
0
0
0
0
0
0
0
0
0
0
-1
0
0
0
-1
0
0
-1
-1 0 -1
-1
0
0
0
1
1
0
0
1
0
0
0
0
0
0
0
0
0
0
1
0
1
0
1
0
1
0
1
0
1
0
1
1
0
0
0
0
0
0
0
0
1
0
0
0
0
0
0
0
0
0
-1
0
0
0
0
0
0
0
0
0
0
0
0
0
0
0
0
0
0
0
-1
0
0
0
0
0
0
0
-1
0
0
0
0
0
0
-1
0
14
1
0
1
0
0
0
0
0
0
0
-1
0
-1
-1
0
-1
0
0
0
0
-1
0
0
0
0
0
0
0
0
0
0
-1
1
-1
0
-1
0
-1
-1 0 -1
-1
0
0
0
1
1
0
1
0
0
0
0
0
0
0
0
0
0
0
1
0
1
1
0
0
1
0
1
1
0
1
0
0
1
0
0
0
0
0
0
0
1
0
-1
1
0
0
0
0
0
0
-1
1
-1
1
-1
0
0
0
0
0
0
0
0
0
0
0
0
0
0
0
-1
1
-1
0
0
0
0
0
-1
0
0
0
0
-1
0
0
0
14
1
0
1
0
0
0
0
0
0
0
-1
0
-1
0
-1
-1
0
0
0
0
0
-1
0
0
0
0
0
0
0
0
0
-1
0
0
0
-1
0
-1
-1 0 -1
-1
0
0
0
1
1
0
1
0
0
0
0
0
0
0
0
0
0
1
0
0
1
1
0
0
1
0
1
1
0
1
0
1
0
0
0
0
0
0
0
0
0
1
-1
1
0
0
-1
1
0
0
0
0
0
0
-1
0
0
0
0
0
0
0
0
0
0
0
0
0
0
0
0
0
-1
0
0
0
0
0
0
-1
0
0
0
0
-1
0
0
14
1
0
0
1
0
0
0
0
0
0
-1
0
-1
0
-1
-1
0
0
0
0
0
0
-1
0
0
0
0
0
0
0
0
0
0
-1
0
-1
0
-1
-1
-1
0
0
0
1
1
0
0
1
0
0
0
0
0
0
0
0
0
0
1
1
0
1
0
1
0
0
1
1
0
1
0
1
0
0
0
0
0
0
0
0
0
0
0
1
0
-1
0
0
1
0
0
0
0
0
-1
0
0
0
0
0
0
0
0
0
0
0
0
0
0
0
0
0
-1
0
0
0
0
0
0
-1
0
0
0
-1
0
0
0
14
1
0
0
1
0
0
0
0
0
-1
0
0
-1
0
-1
0
-1
0
0
0
0
0
0
-1
0
0
0
0
0
0
0
0
0
-1
0
-1
0
-1
-1
-1
0
0
0
1
1
0
1
0
0
1
-1
0
0
0
0
0
0
1
0
1
0
1
0
1
0
1
0
1
0
1
0
1
0
0
0
0
0
0
0
0
0
0
0
1
-1
0
0
1
0
0
0
-1
1
-1
0
0
0
0
0
0
0
0
0
0
0
0
0
0
0
0
0
0
0
-1
0
0
0
0
0
0
-1
0
0
-1
0
0
0
14
1
0
0
1
0
0
0
0
0
-1
0
0
-1
0
-1
0
-1
0
0
0
0
0
0
0
0
-1
0
0
0
0
0
0
0
-1
0
-1
0
-1
-1 0 -1
-1
0
0
0
1
1
0
1
0
0
1
0
0
0
-1
0
0
0
1
0
1
1
0
0
1
0
1
0
1
1
0
0
1
0
0
0
0
0
0
0
0
0
0
0
0
0
0
0
0
1
0
0
-1
0
0
0
0
0
1
0
-1
0
0
0
0
0
0
0
0
0
0
0
0
0
-1
0
0
0
0
0
-1
0
0
0
-1
0
0
0
14
1
0
1
0
0
0
0
0
0
-1
0
0
-1
0
-1
0
0
0
-1
0
0
0
0
0
0
0
-1
0
0
0
0
0
0
0
-1
0
-1
-1
-1 0 -1
-1
0
0
0
1
1
1
0
0
1
0
0
0
0
-1
0
0
0
1
0
1
1
0
1
0
0
1
1
0
1
0
0
0
1
0
0
0
0
0
0
0
0
0
0
0
0
0
0
0
1
0
0
0
-1
0
0
0
0
1
0
-1
0
0
0
0
0
0
0
0
0
0
0
0
0
0
-1
0
0
0
-1
0
0
0
0
-1
0
0
0
13
0
0
1
0
0
0
0
0
0
0
-1
0
0
-1
0
-1
0
0
0
0
-1
0
0
0
0
0
0
0
-1
0
0
0
0
0
-1
0
-1
-1
-1
0
-1
0
1
0
1
1
0
1
0
0
0
0
0
0
-1
0
0
1
0
1
1
0
1
0
1
0
1
0
1
0
0
0
1
0
0
0
0
0
0
0
0
0
0
0
0
0
0
1
0
0
0
0
-1
0
0
0
0
1
-1
0
0
0
0
0
0
0
0
0
0
0
0
0
0
0
-1
0
0
0
0
-1
0
0
0
0
-1
0
0
13
0
0
0
1
0
0
0
0
0
0
-1
0
0
-1
0
-1
0
0
0
0
0
0
-1
0
0
0
0
0
0
0
-1
0
0
0
-1
0
-1
-1
-1
0
-1
0
1
0
1
1
0
1
0
0
0
0
0
0
-1
0
1
0
1
0
1
0
1
0
1
0
1
0
1
0
0
0
1
0
0
0
0
0
0
0
0
0
0
0
0
0
0
0
0
0
0
0
0
0
0
0
1
-1
0
0
0
0
0
0
0
0
0
0
0
-1
1
-1
0
0
0
0
0
0
0
-1
0
0
0
-1
0
0
0
13
0
0
1
0
0
0
0
0
0
0
-1
0
0
-1
0
0
-1
0
0
0
0
0
0
0
-1
0
0
0
0
0
0
-1
0
0
0
-1
-1
0
-2
0
-1
1
0
0
1
1
0
1
0
0
0
0
0
0
0
-1
1
0
1
0
1
0
1
0
1
0
1
0
1
0
0
1
0
0
0
0
0
0
0
0
0
0
0
0
0
0
0
0
0
0
0
0
0
0
0
0
0
0
0
0
0
0
0
0
0
0
0
0
-1
0
0
0
0
0
0
0
0
0
-1
0
0
0
0
-1
0
0
0
13
0
0
1
0
0
0
0
0
0
0
0
-1
0
0
-1
0
0
-1
0
0
0
0
0
0
0
0
-1
0
0
0
0
0
-1
0
0
-1
0
-1
-1
-1
0
0
0
1
0
1
0
1
0
0
0
0
0
0
0
0
0
0
1
0
1
0
1
0
1
0
1
0
1
0
0
1
0
0
0
0
0
0
0
0
0
0
0
0
0
0
0
0
0
0
0
0
0
0
0
0
0
0
0
0
0
0
0
0
0
0
0
0
-1
0
0
0
0
0
0
0
0
0
-1
0
0
0
0
-1
0
0
0
13
0
0
1
0
0
0
0
0
0
0
0
-1
0
0
-1
0
0
0
-1
0
0
0
0
0
0
-1
0
0
0
0
0
0
0
-1
0
-1
0
-1
-1
-1
0
0
0
1
0
1
0
1
0
0
0
0
0
0
0
0
0
0
1
0
1
0
1
0
1
0
1
0
1
0
0
1
0
0
0
0
0
0
0
0
0
0
0
0
0
0
0
0
0
0
0
0
0
0
0
0
0
0
0
0
0
0
0
0
0
0
-1
0
0
0
0
0
0
0
0
0
0
-1
0
0
0
0
0
-1
0
0
0
