3
4
5
5
4
4
5 0 -1
11 0 -3 3 -1
11 0 1
7 0 2 3 1
7 0 -2 3 2 0 -1
19 0 -1 3 -1
27 0 -6 3 -2
32
32
32
32
32
32
32
32
32
32
32
32
32
32
32
32
32
32
32
32
32
32
32
32
32
32
32
32
32
32
32
32
32
32
32
32
32
32
32
32
32
32
32
32
32
32
32
32
32
32
32
32
32
32
29 0 5 3 -3 0 1
15 0 5 3 1
12
12
12
12
13
13
13
13
13
14
14
14
14
14
14
13
13
14
14
14
13 0 1
8 0 3 3 1
5
5
5
8 0 -4 3 1
13
13
13
13
11 0 1 0 1 1 -1
8 0 3 0 3
4 0 1 0 1
3 1 1
3 1 1
4 1 1
5 0 -1 0 2 0 1 1 1
10 0 -3 0 2 1 1
13
13
13
13
13
13
13
13
13
13
13
13
13
13
13
13
13
12
13
13
13
4
4
4 0 1
4 0 -1
5
5
6 0 -1
10 0 -3 3 -1
12 0 1
7 0 2 3 1
7 0 -2 3 2 0 -1
19 0 -1
27 0 -6 3 -1
32
32
32
32
32
32
32
32
32
32
32
32
32
32
32
32
32
32
32
32
32
32
32
32
32
32
32
32
32
32
32
32
32
32
32
32
32
32
32
32
32
32
32
32
32
32
32
32
32
32
32
32
32
32
29 0 5 3 -3 0 1
16 0 5 3 1
12
12
12
12
13
13
13
13
14
14
14
14
14
14
14
14
14
14
14
14
13
9 0 3 3 1
6 0 1
4
4 0 -1
8 0 -4 0 1 2 1
13
13
13
11 0 2 0 2 1 -1
6 0 2 0 2 1 1
3 0 1 0 1
2 1 1
2
2
2
3
4 0 -2 0 1 1 -1 0 1
11 0 -2 0 2 1 1
13
13
13
13
13
13
13
13
13
13
13
14
13
13
13
12
12
13
13
12
4
5
4 0 1
4 0 -1
5
5
6
10 0 -3 3 -1
11 0 1
7 0 2 3 1
7 0 -1 3 1 0 -1
19 0 -1
27 0 -6 3 -1
32
32
32
32
32
32
32
32
32
32
32
32
32
32
32
32
32
32
32
32
32
32
32
32
32
32
32
32
32
32
32
32
32
32
32
32
32
32
32
32
32
32
32
32
32
32
32
32
32
32
32
32
32
32
29 0 5 3 -3 0 1
16 0 5 3 1
12
12
12
12
13
13
13
13
14
14
14
14
14
14
14
14
13
14
14
14
13
9 0 3
6
4 0 1
3
7 0 -4 0 -1 2 1
13
13
12 0 2 0 1 1 -1 0 -1
5 0 2 0 2 1 1
2
2
1
1
1
1
2
2 0 -1
6 0 -3 0 2 1 -1 0 1
13
13
12
12
13
13
13
13
13
13
13
13
13
13
13
12
12
13
13
12
4 1 1
5
4 0 1
4 0 -1
5
5
6
8 0 -2 0 1 1 -1
9 0 1 0 1
7 0 1
7 0 -1 3 1 0 -1
19 0 -1 3 -1
26 0 -6 3 -1
32
32
32
32
32
32
32
32
32
32
32
32
32
32
32
32
32
32
32
32
32
32
32
32
32
32
32
32
32
32
32
32
32
32
32
32
32
32
32
32
32
32
32
32
32
32
32
32
32
32
32
32
32
32
29 0 5 3 -3 0 1
16 0 5 3 1
12
12
12
13
13
13
13
13
14
14
14
14
14
14
14
14
13
13
14
14
13
9 0 4
6
5 0 1 0 -1
7 0 -3 0 -3 2 1 2 1
13 1 -1 0 -1 0 -1 3 -1
13
13
7 0 4 0 2 2 1
2
2
1
1
1
1
1
1
2
3 0 -1 0 1
11 0 -3 0 1 1 1 0 -1
13
13
13
13
13
13
13
14
13
13
13
13
13
13
13
13
13
13
13
2 0 -1
4 0 -1
5
5
5
4
5
6 0 -1
7
6 0 1
7 0 -1 3 1 0 -1
19 0 -1 3 -1
26 0 -6 3 -1
32
32
32
32
32
32
32
32
32
32
32
32
32
32
32
32
32
32
32
32
32
32
32
32
32
32
32
32
32
32
32
32
32
32
32
32
32
32
32
32
32
32
32
32
32
32
32
32
32
32
32
32
32
32
29 0 4 3 -3 0 1
16 0 6 3 1
12
12
12
13
13
13
13
13
14
14
14
14
14
14
14
13
13
14
14
14
14
10 0 4 0 -1
6
9 0 -2 0 -1 2 1
10 0 1 0 1 0 -1 0 -1
9 1 3
12 0 -1 0 1 1 1
10 0 3 0 2 1 -1 0 -1
3 0 1 0 1 1 1
2
1
1
1
1
1
1
1
1
2 0 -1
7 0 -4 0 1
13
13
13
13
13
13
13
13
13
13
13
13
13
13
13
13
13
13
13
2 0 -1
5 0 -1
5
5
5
4
5
6 0 -1
7
6 0 1
6 0 -1 3 1
19 0 -1 3 -1 0 -1
26 0 -6
32
32
32
32
32
32
32
32
32
32
32
32
32
32
32
32
32
32
32
32
32
32
32
32
32
32
32
32
32
32
32
32
32
32
32
32
32
32
32
32
32
32
32
32
32
32
32
32
32
32
32
32
32
32
29 0 4 3 -3 0 1
16 0 6 3 1
12
12
12
13
13
13
13
14
14
14
14
14
14
14
14
13
13
14
14
14
14
13 0 1 0 -1 1 1
9 1 -2
9 1 1 1 -1 0 -1
6 0 1 0 1 1 1 0 1
5
8 0 -2 0 2
6 0 4 0 2 1 1
2
2
1
1
1
1
1
2
1 0 1
1
1
4 0 -2 0 1 2 1
11 0 -2 0 1 1 1 0 -1
13
13
13
13
13
13
13
13
13
13
13
13
13
13
13
13
13
13
3 1 -1
4
4 0 1
4
5
4
5
6 0 -1
7
6 0 1
6 0 -1 3 1
19 0 -1 3 -1 0 -1
26 0 -6
32
32
32
32
32
32
32
32
32
32
32
32
32
32
32
32
32
32
32
32
32
32
32
32
32
32
32
32
32
32
32
32
32
32
32
32
32
32
32
32
32
32
32
32
32
32
32
32
32
32
32
32
32
32
29 0 4 3 -3 0 1
16 0 5 3 1
12
12
12
13
13
13
13
14
14
14
14
14
14
14
14
13
14
14
14
14
14
13
12 0 2 3 -1
6 0 1 0 1 1 1
6 0 1
4
5 1 1
3 0 1
1
1
1
1
1
2
1
3
1
1
1
2 0 -1
9 0 -5 0 1 2 -1
13
13
13
13
13
13
13
13
13
13
13
13
13
13
13
13
13
13
4
4
3 0 1
4 0 -1
5
5
5
6 0 -1
7
7
6 0 -1 3 1
19 0 -1 3 -1
26 0 -6
32
32
32
32
32
32
32
32
32
32
32
32
32
32
32
32
32
32
32
32
32
32
32
32
32
32
32
32
32
32
32
32
32
32
32
32
32
32
32
32
32
32
32
32
32
32
32
32
32
32
32
32
32
32
29 0 5 3 -3 0 1 7 -1
16 0 5 3 1
12
12
12
12
13
13
13
14
14
14
14
14
14
14
14
14
14
14
14
14
14
13
12 0 1 3 -1
8 1 -1 1 -1
6 0 2 0 1
4
4 4 -1
2
1
1
1
1
1
2
2
2
1
1
1
1 0 -1
6 0 -5 0 1 2 1
13
13
13
13
13
13
13
14
13
13
13
13
13
13
13
13
13
13
4
4
3 0 1
4 0 -1
5
6
5
6 0 -1
7
7
6 4 1
19 0 -2 3 -1
25 0 -6
32
32
32
32
32
32
32
32
32
32
32
32
32
32
32
32
32
32
32
32
32
32
32
32
32
32
32
32
32
32
32
32
32
32
32
32
32
32
32
32
32
32
32
32
32
32
32
32
32
32
32
32
32
32
29 0 4 3 -3 0 1 7 -1
16 0 5 3 1
12
12
12
12
13
13
13
13
14
14
14
14
14
14
14
14
14
14
14
14
14
14
13 0 1
9 0 2 0 1 2 -1
4 0 1 0 1
3
3 0 1
1
1
1
1
1
1
1
1
1
1
1
1
1
5 0 -4 0 1 2 2
13
13
13
13
13
13
13
14
14
14
14
13
13
13
13
13
13
13
3 1 1
4 0 -1
4
4
5
5
6
6
7
6
6 0 -1 3 1
18 0 -2 3 -2 0 -1
25 0 -6
32
32
32
32
32
32
32
32
32
32
32
32
32
32
32
32
32
32
32
32
32
32
32
32
32
32
32
32
32
32
32
32
32
32
32
32
32
32
32
32
32
32
32
32
32
32
32
32
32
32
32
32
32
32
29 0 4 3 -3 0 1 7 -1
16 0 6 3 2
12
12
12
13
13
13
13
14
14
14
14
14
14
14
14
14
14
14
14
14
14
14
12 0 1
6 0 3 0 1 2 1
3
3
2 0 1
1
1
1
1
1
1
1
1
1
1
1
1
1
3 0 -3 3 2 0 -1
13 0 -1
13
13
13
13
13
13
14
14
14
14
13
13
13
13
13
13
11 0 3 0 1 1 -1 0 -1
2
4 0 -1
5
5
5
5
5
6 0 -1
7
6
6 0 -1 3 1
18 0 -3 3 -2 0 -1
25 0 -6
32
32
32
32
32
32
32
32
32
32
32
32
32
32
32
32
32
32
32
32
32
32
32
32
32
32
32
32
32
32
32
32
32
32
32
32
32
32
32
32
32
32
32
32
32
32
32
32
32
32
32
32
32
31
29 0 4 3 -3 0 1 7 -1
16 0 6 3 1
12
12
12
13
13
13
13
14
14
14
14
14
14
14
14
14
14
14
14
14
14
14
11 0 2 0 1 2 -1
4 0 2 0 1 2 1
3
2
2
1
1
1
1
1
1
1
1
1
1
1
1
1
3 0 -3 3 1
13 0 -1 3 -1
13
13
13
13
13
14
14
14
14
14
14
13
13
13
13
13
7 0 4 0 2 2 1 1 -1
2
4 0 -1
5
5
4
4
5
5
7 0 -1
6
6 0 -1 3 1
18 0 -3 3 -2 0 -1
25 0 -6 3 1
32
32
32
32
32
32
32
32
32
32
32
32
32
32
32
32
32
32
32
32
32
32
32
32
32
31 0 1 0 1 1 -1 0 -1
21 0 4 0 7 0 1 0 -1 0 2 1 -1 0 -2
21 0 -3 0 8 0 1 0 1 0 1 1 -1 0 1
30 0 -3 0 2 0 -1 0 2 0 -1 1 1 0 -1
32
32
32
32
32
32
32
32
32
32
32
32
32
32
32
32
32
32
32
32
32
32
32
32
32
29 0 4 3 -3 0 1 7 -1
16 0 6 3 2
12
12
12
12
12 1 1
11 1 2
12 0 -1 0 1
13
14
14
14
14
14
14
14
14
13
14
14
14
14
13 0 1
10 0 3 3 -1
3 0 1
2
2
2
1
1
0
1
1
1
1
1
1
1
1
1
1
3 0 -2 3 1
12 0 -2 3 -1
14
14
13
13
14
14
14
14
14
14
14
14
13
13
13
12 0 2 0 1 1 -1 0 -1
4 0 2 0 1 1 1 0 1
3
4 0 -1
5
5
4
4
4
5
6 0 -1
7
6 4 1
18 0 -3 3 -2 0 -1
25 0 -6 3 1
32
32
32
32
32
32
32
32
32
32
32
32
32
32
32
32
32
32
32
32
32
32
32
32
31 0 2 0 2 0 -1 0 -2 0 -1 1 1 0 1
21 0 6 0 6 1 1 1 1 0 -1 0 -1 3 -1
13 0 1 0 1
12 1 1
17 0 -6 0 5 0 1 0 -2 0 2 1 -1 0 1 3 -1 0 1
31 0 -1 0 1
32
32
32
32
32
32
32
32
32
32
32
32
32
32
32
32
32
32
32
32
32
32
32
31
29 0 4 3 -3 0 1 7 -1
15 0 5 3 2
12
12
12
10 0 1 0 1
8 0 1 0 1
7 1 1
7 0 -1 0 1
10 0 -2 0 2
14
14
14
14
14
14
14
13
11 0 1 0 2
10 0 -1 0 2
12 1 1 2 -1
12 0 -1 0 2 1 1
13
13 0 1
8 0 3 3 -1
2 0 1
2
2
2
1
1
0
1
1
1
1
1
0
1
1
1
1
3 0 -2 3 1
12 0 -2 3 -1
14
14
14
14
14
14
14
14
14
14
14
14
14
13
13
9 0 5 0 1 1 -1
3 0 1
4
4 0 -1
5
5
4
4
4
5
5
6
6
18 0 -3 3 -2 0 -1
25 0 -6 3 1
32
32
32
32
32
32
32
32
32
32
32
32
32
32
32
32
32
32
32
32
32
32
32
32
21 0 11 0 3 1 1 0 1 0 -1 0 -2 0 -1 0 1 3 -1 3 1
12 1 1
11
11
11 0 -1 0 1
25 0 -9 0 3 1 2 0 -4 2 1 3 1 0 -1
32
32
32
32
32
32
32
32
32
32
32
32
32
32
32
32
32
32
32
32
32
32
32
31
29 0 3 3 -3 0 1 7 -1
15 0 6 3 2
12
12
11 0 1 0 1 1 -1
8 0 1 0 1
7
6
6
7 0 -1 0 1
12 0 -2 0 1 1 1 0 -1
14
14
14
14
14
14
12 0 2 0 1 2 -1
7 0 1
7 0 -1
9 0 1 0 1 1 -1 0 -2
6 0 -1 0 3 1 -1
9 0 -1 0 4 0 -1
11 1 2 1 1
7 0 3 0 1
2
2
2
2
1
0
0
1
1
1
1
1
0
0
1
1
1
3 0 -2 3 1
13 0 -2 3 -1
14
14
13
13
13
13
13
14
14
14
14
14
13
13
13
8 0 6 3 1 0 -1
2
3 1 1
4 0 -1
5
4 0 1
3
3
4
4
5
6 0 -1
6
17 0 -3 3 -2
25 0 -5 3 1
31
32
32
32
32
32
32
32
32
32
32
32
32
32
32
32
32
32
32
32
32
32
32
32
15 0 6 0 1 1 1 0 5 0 2
11
10
10
10
18 0 -9 0 3 1 -2 0 4 0 -1 0 -1 5 1
32
32
32
32
32
32
32
32
32
32
32
32
32
32
32
32
32
32
32
32
32
32
32
31
29 0 3 3 -2 0 1 7 -1
15 0 6 3 2
12
11
8 0 2 0 1
7
6
6
6
6
8 0 -3 0 2 1 -1 0 1
14
14
14
14
14
14
11 0 3 0 -1
7 0 1 0 -1
7 0 -1
7 0 2 3 -1
2
3 1 1
6 0 -3 0 1
5 0 3
3
2
2
2 0 1
1
0
0
0
1
1
1
0
0
0
1
1
1
3 0 -3 3 2 0 -1
13 0 -1 3 -1
14
13
13
13
13
13
13
14
14
14
14
14
14
14
13
7 0 5 3 1
2
2
4 0 -1
5 0 1
3
3
3
3
4
4
5 0 -1
6
17 0 -4 3 -2
25 0 -5 3 1
31
32
32
32
32
32
32
32
32
32
32
32
32
32
32
32
32
32
32
32
32
32
32
32 0 1
13 0 3 3 3 0 2 7 1
11
10
10
10
14 0 -6 0 1 1 -1 0 5 0 -2 7 1
32
32
32
32
32
32
32
32
32
32
32
32
32
32
32
32
32
32
32
32
32
32
32
31
29 0 3 3 -2 0 1 7 -1
15 0 5 3 1
11
11 0 1 3 -1
7 0 1
6
6
5
5
5
6 0 -1 0 1 1 -1 0 1
13 0 -2 0 1 1 1 0 -1
14
14
14
14
14
13 0 1 0 -1
11 0 1 0 -2
10 1 -2
7 0 3 0 -2 0 1
3 0 1 0 -1
2
5 0 -3
5 0 2
3
2
3 0 -1
3 0 2 0 -1 2 -1
1
1
0
0
0
1
1
1
1
1
1
1
1
4 0 -4 0 -1 1 1 0 2 0 -1
13 0 -1
14
13
13
13
13
13
13
13
14
14
14
14
14
14
13
6 0 5 0 1 1 1 0 1
2
2
4 0 -1
5 0 1
3
3
3
3
3
4
5 0 -1
6
17 0 -4 3 -1
24 0 -5 3 1
31
32
32
32
32
32
32
32
32
32
32
32
32
32
32
32
32
32
32
32
32
32
32
31 0 1
13 0 3 3 2 0 1 7 1
10
10
10
10
13 0 -5 3 5 0 -2 7 1
32
32
32
32
32
32
32
32
32
32
32
32
32
32
32
32
32
32
32
32
32
32
32
31
29 0 4 3 -3 0 1 7 -1
15 0 5 3 1
12
10 0 2 3 -1
7
6 0 1
5
4
4
5
5
10 0 -5 0 1 2 -1
14
14
14
14
14
14
14
14
13 1 -1 1 1
10 0 2 0 -3 5 -1
4 0 2 0 -2 1 -1 0 1
5 0 -2
4 0 1
3
3
3 0 -1 3 1
5 0 3 3 -1
1
1
0
0
0
1
1
1
1
1
1
1
1
6 0 -6 0 -1 2 1
14
14
13
13
14
13
13
13
13
13
14
14
14
14
14
13 0 1 3 -1
4 0 2 3 1
2
3 1 -1
4
4 1 1
2
2
2
3
3
4
5 0 -1
5
17 0 -4 3 -2
23 0 -5 3 2
31
32
32
32
32
32
32
32
32
32
32
32
32
32
32
32
32
32
32
32
32
32
32
30 0 3 0 1 1 -2 0 -2 0 1 0 1 0 1 4 -1
12 0 3 3 2 0 1
10
9
9
10
13 0 -6 3 5 0 -3 7 1
32
32
32
32
32
32
32
32
32
32
32
32
32
32
32
32
31 1 1
32
32
32
32
32
32
31
29 0 3 3 -2 0 1
15 0 5 3 1
12
9 0 2 3 1
6
5 0 1
4
4
4
4
5
7 0 -3 0 1 1 -1 0 1 0 -1
14
14
14
14
14
14
14
14
14
14
11 0 2 0 -2 1 2
6 1 -1 1 -1
4 0 1
3
3
4 0 -2 3 1
5 0 3
1
1
0
0
0
1
1
1
1
0
1
1
1
8 0 -5 0 -1
14
14
13
13
14
14
14
14
14
13
14
14
14
14
14
12 0 2 3 -1
4 0 2 3 1
2
4
3
2
2
2
2
3
3 0 -1
4
5
5
16 0 -5 3 -2
23 0 -6 3 3
31
32
32
32
32
32
32
32
32
32
32
32
32
32
32
32
32
32
32
32
32
32
32
27 0 9 3 -5 0 1
10 0 1 3 1
10
9
9
9
15 0 -8 0 -2 0 1 0 2 0 5 0 -2 0 1 5 -1
32
32
32
32
32
32
32
32
32
32
32
32
32
32
30 0 2 0 2 1 -1
28 0 1 0 3 2 -1
26 1 4
28 0 -2 0 4 1 1 0 1 1 -1
32
32
32
32
32
31
29 0 4 3 -3 0 1 7 -1
15 0 6 3 2
11
8 0 2 3 1
6 0 1
5
4
4
4
3
4
6 0 -2 3 2 0 -1
14 0 -1
14
14
14
14
14
14
14
14
14
14
7 0 2 3 1
5 0 1
3
3
3 0 -1
4 0 2
1
1
0
0
0
0
1
1
0
0
1
1
2 0 -1 3 1
10 0 -4 3 -1
14
13
14
14
14
14
14
14
14
14
14
14
14
14
14
11 0 3 3 -1
5 0 2 0 -1
3 1 -1
3 0 1
2 1 1
2
2
2
2
2
4 0 -2
5 0 1
6 4 -1
5
16 0 -5 3 -2
23 0 -5 3 3
30 1 1
31
32
32
32
32
32
32
32
32
32
32
32
32
32
32
32
32
32
32
32
32
32
28 0 7 0 -1 1 1 0 -5 0 2 7 -1
10 0 1 3 1
9
9
9
9
22 0 -13 0 -1 0 -1 0 1 0 -2 0 1 0 1
32
32
32
32
32
32
32
32
32
32
32
32
32
32
26 0 5 0 1 4 -1
21 1 3
20 1 1
21 0 -2 0 2 1 -1 0 2 1 1
29 0 -3 0 2 1 1 0 -1
32
32
32
32
31
28 0 4 3 -3 0 1 7 -1
15 0 6 3 1
11 1 1
7 0 2 0 1
5
4
4
3
3
3
4
6 0 -3 3 2 0 -1
13
14 1 1
14
14
14 1 1
13 1 1
13
13
13
13
13
6 0 1 3 1
4 0 1
3
3
3
4 0 1
1 0 1
0
0
0
0
0
0
0
1
1
0
1
2 0 -2 3 1
9 0 -3 0 1
13 1 1
13 1 1
13
13
14
14
13
14
14
14
14
14
14
14
14
12 0 2 0 -1 2 -1
11 0 -1 0 -3 1 1
14 0 -1 0 -3 0 -2 5 -1
2 0 1
1
1
1
2
2
2
5 0 -2
6 1 -1
6 0 1 3 -1
4
15 0 -5 3 -2
22 0 -6 3 3
29 0 1
30 1 1
29 1 1 2 1
32
32
32
32
32
32
32
32
32
32
32
32
32
32
32
32
32
32
32
32
30 0 3 0 -1 1 1 0 -2 0 1 0 -1 5 1
11 0 3 2 -1 0 2 0 1
9
8
8
9 0 -1
23 0 -13 3 -4 0 1 7 1
32
32
32
32
32
32
32
32
32
32
32
32
32
31 0 1 0 1 1 -1 0 -1
21 0 5 0 2 2 1
17 1 2
18 0 -1 0 1
19 1 1
23 0 -3 0 3 1 -1
30 0 -1 0 2 1 1
31 1 1
31
31
31
28 0 4 3 -3 0 1 7 -1
14 0 5 3 1
9 0 1 0 1
6 0 1
5
4
4
3
3
3
3
5 0 -1 0 1 1 -1 0 1
8 1 3
8 1 3
9 1 3
9 1 3
9 1 3
8 1 3
9 1 3
8 1 4
9 1 4
9 1 4
8 1 3
5 0 1
4 0 1
4
3 0 1
2
3
1 0 1
0
0
0
0
0
0
0
0
0
0
1
3 0 -1
5 1 2 1 -1
6 0 -1 0 1
8 0 -2 0 2 1 -1 0 1
10 1 3
12 0 -2 0 1 1 1
14
14
14
14
14
14
14
14
14
14
14
16 0 -1 0 -1
16
16 1 -1
1 0 1
1
1
1
1
1
2
5 0 -2
8
7 0 2 3 -1
4
15 0 -6 3 -2
22 0 -6 3 3
29 0 1 0 -1
27 0 2
28 0 -1
30 0 -1 0 1
32
32
32
32
32
32
32
32
32
32
32
32
32
32
32
32
32
32
32
31 0 1
12 0 4 3 3 0 1 7 1
9
8
8
9 0 -1
25 0 -11 0 -1 1 -1 0 -5
32
32
32
32
32
32
32
32
32
32
32
32
32
29 0 5 0 1 2 -3 0 1
16 0 5 0 1
11 1 2
15 0 -2 0 2
17 1 1
17 0 -1 0 1 0 1 1 1
23 0 -2 0 3 2 -1
29 0 -2 0 2 1 1
30 1 1
30 0 -1 0 1
31
28 0 3 3 -2 0 1
13 0 6 3 1
7 0 1 0 1
5
4
4
3
3
3
3
3
3
3
3
3
3
3
3
3
3
3
3
4 0 -2
5
4
4
3
2
3
2 0 1
1
0
0
0
0
0
0
0
0
0
1
3 0 -1
3 0 1
5 0 -2 3 -1
6
6
9 0 -4
14
14
14
14
14
14
14
14
14
14
15 0 -1
17 1 -1
17 1 -1
17
1 0 1
1
1
1
1
2
3
5 0 -2
8
7 0 2
4 4 1
15 0 -6 3 -2
22 0 -5 3 4
31
29 0 2 0 -1
30 0 -1 0 -1
30 0 -1
31
31
31
31
31
32
32
31
31
31
31
32
32
32
32
32
32
32
32
31 0 1
12 0 4 3 3 0 1 7 1
9
8
8
10 0 -2 0 -1 1 1 0 2 0 -1 0 -1 5 1
29 0 -5 0 -2 1 -3 0 -3 0 -1 0 -2 5 -1
32
32
32
32
32
32
32
32
32
32
32
32
32
29 0 4 0 -1 1 1 0 -2
15 0 7 0 -1 1 -1
8
10 0 -2 0 2
14 0 -1 0 2
16
17 0 -1 0 1 1 -1
22 0 -2 0 4 1 -1 1 -1
25 1 4
23 0 -1 0 7 2 1 1 -1
26 0 -2 0 5 0 -1 0 1 0 1 1 -1
28 0 3 3 -3 0 1
12 0 6 3 1
6 0 1
5
4
4
3
3
3
3
3
3
3
3
3
3
3
3
3
2
2
2
4 0 -2
5
5
3 0 1
3
2
2 0 -1
2 0 1
1
0
0
0
0
0
0
0
0
0
1
3 0 -1
2 0 1
4 0 -2
6
6
9 0 -4
14
14
14
14
14
14
14
14
14
15 1 -1
17 0 -1 0 -1
18
18
18
1
1
1
1
1
2
3
5 0 -1
8
6 0 2
4
15 0 -6 3 -2
22 0 -6 3 4
31 0 -1
31
31
32
32
32
32
32
32
32
32
32
32
32
32
32
32
32
32
32
32
32
29 0 2 0 3 0 -1 0 -1 0 1 1 -1
29 1 2 0 -1 1 -1
14 0 3 0 -1 1 1 0 1 0 1 0 1 6 1
10 1 -2
9 1 -1
10 0 -1 0 -1
17 0 -8 0 -4 1 2 0 2 0 -1 0 1
32
32
32
32
32
32
32
32
32
32
32
32
32
32
31 0 1
18 0 11 0 -1 1 -2 0 1
7
7 1 1
10 0 -2 0 2
14 0 -1 0 1
15 1 1
16 1 1
17 1 2
13 0 3 0 3 1 -1 0 1
11 1 5 0 1 0 -1 0 1
16 0 -2 0 8 0 1 0 1 0 -1 1 -1 0 1 0 1
11 0 4 0 1 1 2
6 0 1 0 -1
4
4
3
3
3
3
3
2
3
3
3
3
3
3
2
2
2
2
2
4 0 -2
5
5
3
2
2
2
2 0 1
1
0
0
0
0
0
0
0
0
0
1
3
2
5 0 -2 3 -1
6
6
9 0 -4
14
14
14
14
14
14
14
15 1 -1
16 0 -1 0 -1
18 0 -1 0 -1
19
19
18
18
1
1
1
1
2 1 -1
3 0 -1 0 -1
4
6 0 -1
7
5 0 1
3 4 1
14 0 -7 3 -3
22 0 -6 3 4
31 0 -1
32
32
32
32
32
32
32
32
32
32
32
32
32
32
32
32
32
32
32
32
27 0 5 0 4 1 -2 0 -2 0 1 1 -1 3 1
17 1 3 0 2 0 1 3 1
17 1 2 0 1
16
15 1 -1
14 0 1 0 -1
13
27 0 -7 0 -3 1 -2 0 -2 1 1 5 1
32
32
32
32
32
32
32
32
32
32
32
32
32
32
31 0 1
19 0 12 0 1 0 -1 0 1
7 0 1
6
7 0 -1 0 1
10 0 -2 0 2 2 1
14 1 1
14 0 -1 0 1
15
12 0 4
7
7 1 1
9 0 -2 0 1
9 0 2 0 -1
4 0 1
3
3
4
3
3
2
2
2
3
2
2
2
2
2
2
2
2
2
5 0 -2 0 -1 2 -1
6
5 0 1
3
2
2
2
3
1 0 1
1
0
0
0
0
0
0
0
1
2 0 -1 0 -1
3
2
5 0 -2
6
6
9 0 -3
13 1 1
13 1 1
13
13
13 1 1
14
16 0 -1 0 -1
18 0 -1 0 -1
19
19
19
19
19
18
1
1
1
2 0 -1
4 0 -1 0 -1
5 1 -1
5 1 -1
7 0 -1
7 0 1
5 0 1
3
13 0 -8 3 -3
22 0 -6 3 4
30 0 -1
31
32
32
32
32
32
32
32
32
32
32
32
32
32
32
32
32
32
31 0 2 0 2 0 -1 0 -2 0 -1 1 1 0 1
26 1 7 0 -2 0 1 0 -1 2 -1
17 0 3 0 1 0 1 0 2 0 3 1 1 1 1 2 -1
16
16
16
16
15 0 1
14
29 0 -4 0 2 0 -1 0 1 0 -2 0 -1 1 -1 5 -1
32
32
32
32
32
32
32
32
32
32
32
32
32
31 0 1 0 1 1 -1 0 -1 1 1
23 0 4 0 8 0 -2 2 1 0 -1 0 -1
10 0 4 0 2 0 1 0 2 0 2 0 1 0 1 1 1
7 0 1
6
6
6 0 -1 0 1 1 -1
10 0 -1 0 2
12 0 -1 0 1
14 0 -1 0 1
13 0 2 0 -1 1 1
8 0 1 0 -1
6
6 0 -1
9 1 1 1 1 0 -1
6 0 2 0 -1 1 -1
4
4 0 -1 0 -1
6 0 -1 0 -1
5 0 1 0 -2 2 -1
2
2
2
2
3 0 -1
2 0 1
2
2
2
2
2
2
2
2
6 0 -1 3 -1
6 0 1
4 0 1
2 0 1
2
1
2
3
2 0 1 0 -1
1
1
1
1
1
0
0
0
1 0 -1
4 0 -1 0 -1
3 0 1
2
4 0 -2
6
6
7 0 -1 0 1 1 -1
8 1 2
8 1 3
8 1 3 0 1
8 1 3
9 0 -1 0 3 2 1
15 0 -3 0 -1 1 1
18 0 -1
19
19
19
19
19
18
18
1
1
1
2 0 -1
5 0 -1 0 -1
6 1 -1
7 1 -1
7
6 0 1
5 0 1
3
13 0 -8 3 -3
20 0 -4 0 1 1 -1 0 3 1 1
27 0 -1 0 3
28 1 2
29 1 2
29 1 2
29 1 2
29 1 2
29 1 2
29 1 3
29 1 3
29 1 3
29 1 2
30 1 2
30 1 2
30 1 2
29 1 2
29 1 2
29 1 2 0 -1
29 1 3 0 -1
29 1 3
21 0 8 0 4 1 1 1 -1 0 -2 0 -1
16 1 -1 2 -1
15
16
15 1 1
14 1 1
15 1 1
14 1 1
13
19 0 -7 0 5 1 -3 2 -2 5 1
28 1 4 0 -1
29 1 4 0 -1
29 1 3 0 -1
29 1 3 0 -1
29 1 3 0 -1
29 1 3 0 -1
29 1 3
29 1 3 0 -1
29 1 3 0 -1
29 1 3 0 -1
29 1 3 0 -1
28 1 4 0 -1
28 1 5 0 -1
20 0 6 0 8 3 1 0 -2 0 -1 3 -1
9 0 1 0 1
7 0 1 0 1
6
5
5
5
6 0 -1 0 1
11 0 -1 3 -1
13 0 -1
13
10 0 2 0 -1
8 0 1 0 -1
6
6 0 -1
7 0 1 2 1
5 1 -1
6 0 -1 0 -1
8
6 0 2 0 1
2 0 1
2
2
2
3 0 -1
2 0 1
2
2
2
2
2
2
2
2
4 0 -1 0 1 2 -1
4 0 1 0 1
3
2 0 1
1
1
2
3 0 -2 2 1 0 1
7 1 -2 0 -1
5 0 1 0 -2 0 -1
4 1 -1
4 1 -1
3 1 -1
3 1 -2
2 1 -1
3 1 -1
3 1 -2
3 1 -1
4
3 0 1
2
4 0 -2 3 -1
6
5
6 0 -1
8 1 -2
8 1 -2
8 1 -2
8 1 -2
11 0 -3 0 -3 2 1 1 1
18 0 -1 0 -1 1 -1
19
19
19
19
19
18
18
18
1
1
1
4 0 -1 0 -1
6 0 -1 0 -1
9 0 -1 0 -2 0 1
12 1 -3
10 0 2 0 -3 0 1 1 -1
6 1 -1
5 1 -1
4 1 -1
13 0 -8 3 -3
19 0 -1
20 1 2
21 1 3
21 1 3
21 1 3
22 1 3
22 1 3
21 1 3
21 1 2
21 1 2
22 1 2
21 1 3
22 1 3
22 1 3
22 1 3
21 1 3
21 1 3
21 1 3
21 1 3
20 0 1 0 3 1 -1 0 -1
15 1 2 1 2 0 2 0 1
15 0 1
14 1 1
11 0 1 0 2
10 1 2 0 1
9 1 2
10 1 1
11 0 -1 0 1
12
12 1 1 1 -1 0 1 1 1
12 1 7
17 0 -4 0 4 1 1 0 -2 1 1
20 1 3
20 1 3
20 1 3
20 1 3
21 1 2
20 1 2
20 1 2
20 1 2
20 1 2
19 1 1
15 0 4 0 4 1 -1 2 -1
9 0 2 0 1 1 1
7 1 1
6
6
5
5
4
4
9 0 -1 0 1 2 -1
11 0 -1 0 1
13
13
12 0 1 0 -1 0 -1
8 0 1 0 -1
7 1 -1
8 1 -1
7 1 -1
7
7 0 1
4 0 2
2 0 1
1
2
2
2
2
2
2
2
2
2
2
2
1
2 0 -1
3
3
2
1
1
2
4 0 -3 3 1
7 0 1 0 1
5 0 1
4
3 2 1
3
4
4
4
5 0 -1
7 0 -1 1 -1
7 0 2 0 -1 2 -1 2 -1
2 0 1 3 1
2
4 0 -2 3 -1
5
5
7 0 -2 3 1
10
10
10
12 0 -2 0 -1 1 1
17 0 -1 0 -1 1 -1
19
19
18
18
18
18
18
18
18
1
1
2 0 -1 0 -1
7 0 -2 0 -3 0 1 0 1 4 -1
14 0 -2 0 -4 1 -1
18 0 -1 0 -2
21 0 -1 0 -2
22 0 1 0 -1 0 -1 0 1 0 -1 3 -1
15 0 2 0 -6 6 -1
13 0 1 0 -7
11 1 -7 0 1
18 0 -5 0 -4 1 -2 0 -1 1 -1
21 1 -2
19 0 1
19
19
19
19
19
19
19
19
19
19
19
19
19
19
19
19
19
15 0 4 0 2 1 -1 0 -1 1 -1
12 0 -2 0 1
13 0 1 0 2
12 1 1 2 -1
9 0 1
8
8 0 -1
10 1 -1
11 0 -1
11 1 1
10 0 1 0 1 1 -1
7 1 1
9 0 -2 0 2 1 -1 0 -1
16 0 -3 0 2 1 1 0 -2 0 -1
18
18
18
18
18
19
18
19
18 0 1 0 1 1 -1 0 -1
8 0 2 0 2 1 1 0 1
7 1 1
6
5
5
5
4
4
4
5 0 -1 0 1
9 0 -1 0 1
12 0 -1 0 1
13 0 -1
13
12
12 1 -2
11 0 1 0 -1 2 1
10 1 -1
8 1 -1
7 0 1
4 0 2
2
2
2
2
2
2
2
2
2
2
2
2
2
1
2 0 -1
3
4 0 1 0 -1
1
1
1
2
3 0 -2 0 1 1 -1 0 1
8 0 -1 0 -2 1 1
9 1 -2 1 -1
9 1 -1
10
10 0 1 0 -1
9 1 -1
8 1 -2
7 1 -3
6 1 -2 0 1
5 1 -1 0 1 0 -1
9 0 -2 2 1 0 -1
4 0 3 3 1
2
4 0 -1
5
5
6 0 -1 3 1
10 0 -1
11
11 0 -1 0 -1
15 0 -2 0 -1 1 -1
18
18
18
18
18
18
18
18
18
17
2
2
8 0 -5 0 -4 1 1 2 1
17 0 -2 0 -2 1 -1
20 0 -1
21 0 -1
22
23
24
24 1 -1
24 1 -1
25
25
21 0 2 0 -1
18
18
19
19
19
19
19
19
19
19
19
18
19
19
19
19
18 1 1
10 0 4 0 2 1 1 0 2
10 0 -2 0 1 1 1
11 0 1
10
8
8 0 -1 0 -1 2 1
11 0 -1 0 -2 1 -1
12 0 1
11 0 1
10 1 1
7 0 2 0 1
5
6
11 0 -6 0 2 1 -1 0 1 1 -1 0 1
18
18
18
18
18
18
18
18
12 0 6 0 2 2 -1 1 -1 0 -1
6
5
5
5
4
4
4
4
3
4 0 -1
7 0 -1 0 1
10 0 -1 0 1
11
12 1 1
12
14
13 0 1 0 -1
12 1 -1
11 0 1 0 -1
8 0 1
4 0 2
2
3
3
2
3
3 1 -1
3
2
2
2
2
2
1
1
1
2 0 -1
5 3 1 0 -1
2 0 1
1
1
1
2 0 -1 3 1
10 0 -1 0 1 0 -1 0 -1 0 -4 0 -1 0 1
7 0 1 0 5 0 -1
6 1 4 0 -1
5 1 4
6 1 4
6 1 5 0 -1
7 0 -1 0 5 0 -1 5 -1
8 0 -1 0 5 0 -1 0 1
10 1 2 1 1
10 0 1 0 -2 1 1 0 -1
8 0 -2 2 -1 0 1
5 0 4 0 -1 2 1
2
4 0 -1
5
5
5
9 0 -2 3 -1
11
13 0 -1
16 0 -1
17
17
17
17
17
17
17
17 1 1
16 1 1
16 1 2
6 0 -1 0 -3 0 1 0 1 4 -1
10 0 -2 0 -6 0 -1 4 1
16 0 -2 0 -3 0 -1 0 -2
19
19
20 0 -1 0 1
22 0 -1
23
24
24
25
25
25
24 0 1 0 -1 1 1 0 -1
19 0 1 3 1
18
18
18
18
18
18
18
18
18
18
18
18
18
18
18
16 0 3 0 1 1 -1 0 -2
7 0 1 0 1
8 0 -3 0 1
11 0 1 0 1
10 0 -1 0 -1 1 1
11 1 -2
12 0 -1 0 -1 1 -1
13
11 1 1
9 0 1 0 1
7 0 1 0 1 2 -1
5
5
5
6 0 -1 0 1
14 0 -4 0 2 1 2 0 -1
18
18
18
18
18
18
17 0 1 3 -1
8 0 4 0 1 1 1 0 2
5
5
5
4
4
4
3
3
3
3
4 0 -1 0 1
8 0 -2 0 1 2 -1
10 1 1
11 1 1
11 0 -1
13 0 -1 0 1
14
13 0 1
12
10 0 2 0 -1
5 0 1 0 -1
4
3
3 0 1
2
3
4
4
3 0 1
2
2
2
2
1
1
1
2
5 0 -1 3 -1
3 0 2 3 1
1
1
1
1
5 0 1 0 2 2 -2 0 -1 0 -1
2 0 1
1
1
1
1
1
2
4 0 -1 0 1 1 -1
7 0 -2 0 3 1 1 0 1 1 -1
9 0 1 5 1
6 0 5
2
4 0 -1
5
5
5
9 0 -3 3 -1
11
12 0 -1
15 0 -1
16
16
17
16
16 1 1
16 0 1 0 1
14 0 1 0 2
13 0 1 0 2
11 0 1 0 2
10 1 2
19 1 -4 0 -1 0 -1 4 -1
20 1 -2 0 -1
20 1 -1
19
19
20
21 0 -1
22
23 1 1
23
24
25
24
24
21 0 3 0 -1
18
18
18
18
18
18
18
18
18
18
18
18
18
18
18
13 0 6 0 1 2 -1 1 -1
6
6 0 -1 0 1
9 1 1 1 1
10 0 -1 0 1
12 1 1
12 1 1
10 0 1 0 1
9 0 1 0 1
7 0 1 0 1
5 0 1 0 1
4
4
4
5
10 0 -6 0 1 1 -1 0 1
17
17
17
17
17
17
15 0 4 0 1 1 -1 0 -2
5 0 1 0 1 1 1
5
4
4
3
3
3
3
3
3
2
3
4 0 -1 0 1
7 0 -1 0 1 2 -1
9 1 1
10 0 -1 0 1
11 1 1
12 1 1
12 0 1
12
11 0 1
7 0 1 0 -1
5 0 1
3
3
3
3
4
4
4
3 0 1
2
2
2
1
1
1
1
3 0 -2 0 1
2 0 1 3 1
1
1
2 1 -1
3 0 -1 0 -1
3 0 1
2
1
1
1
1
1
2
2
3 0 -1
8 1 1 2 -1 0 -1
6 0 5 4 -1
2
3 0 -1
4
5
5
9 0 -3 3 -2
11
12 0 -1
15 0 -1
16
15
15 1 1
14 0 1 0 2
13 0 1 0 2
10 0 1 0 2
9 1 2
8 1 1
8 1 1
7
23 0 1
22
21
20
20
20
20
21
22
22
23
24
23
24
22 0 3 3 -1
18
18
18
18
18
18
18
18
18
18
18
18
18
18
18
10 0 6 0 1 1 1 0 2 1 -1
5
4
7 0 -2 0 1
8 1 1
8 1 2
7 1 1
6 1 1
6 0 1 0 1
5 1 1
4
3
4
4
4
5 0 -1 0 1 1 -1 0 1
15 0 -2 0 1 1 1 0 -1 0 -1
17
17
17
17
17
11 0 6 0 2 4 -1
4
4
4
3
3
3
3
2
3
2
2
2
2
4 0 -1 0 1
6 0 -1 0 1
8 0 -1 0 1
9 1 1
10 1 1
11 1 1
11
12
10 0 1
5 0 2
3
3
3
3
3
3
4
4 0 1
2
2
2
1
1
1
1
1
1
1 1 -1
3 0 -1 0 -1
4
4
3 0 1
2
1
1
1
1
1
2
2
3 0 -1
5 0 -1 0 1
6 0 3 0 1 1 1
2
3 0 -1
4
4
5
9 0 -3 3 -1
9 0 2 0 2 0 -1 0 -1
9 0 -4 0 1 1 1 0 1
14
15
13 0 1 0 2 1 -1
11 0 1 0 2
9 0 1 0 2
8 1 1
7 1 1
6 1 1
6
6 1 1
6 1 1
23 0 1
22
21
20
19
19 1 1
19
20 1 1
20 1 1
21
22 1 1
22
22
22 0 -1 0 1
22 0 1
18 0 1 3 1
18
18
17
18
18
18
18
18
18
18
18
18
18
17 0 1 3 -1
7 0 4 0 1 2 2
4
3 1 1
4 0 -1 0 1
5 0 1 0 1
5 1 1
5
4 1 1
4
3
3
3
3
3
4
4
9 0 -3 0 4 1 -1 1 -1
16 0 -1 0 1 1 1
17
17
17
15 0 2 0 1 1 -1 0 -1
6 0 3 0 2 1 2 0 1 1 1
4
3
3
3
3
2
2
2
2
2
2
2
2
2
3 0 -1 0 1
5 0 -1 0 1
7 1 1
9 0 -1 0 1
10 1 1
10 1 1
11 1 1
10
7 0 3 0 -1
3 0 1
3
3
3
3
3
3
3
2
2
2
2
1
1
1
1
2 0 -1 0 -1
4 1 -1
5
4
4
3
3
2
2
2
2
2
2
2
3
4
4
4 1 -1
4 1 -1
4
4
4
9 0 -2 0 1 1 -1 0 -2
4 0 2 0 1 1 2 0 1
11 0 -4 0 -2 1 -2 0 -2
14
13 0 1 0 1 1 -1
9 0 1 0 1 1 1
7 1 1
6 0 1 0 1
6
5 1 1
5
5
6
6
22 1 1
21
20
19
18
17
18 0 -1
19
20
20
20
21
21
21
22
17 0 2 0 1 2 1
15 1 1
16 1 1
15 1 2
15 1 2
15 1 2
16 0 -1 0 1
17
18
18
18
17
18
17
17 0 1 0 1 2 -1
6 0 3 3 2
3 0 1
2
3
3
4
4
3
3
3
3
3
3
3
3
3
4
10 0 -4 0 4 4 -1 0 1
16 0 -1 0 1
16 1 1
16 0 1 0 1
9 0 4 0 4 2 -1 1 -1
4
3 0 1
3
2
2
2
2
2
2
2
2
2
2
1
1
1
2 0 -1 0 1
4 0 -1 0 1
6 0 -1 0 1
7 0 -1 0 1
8 0 -1 0 1
9 1 1
10 0 -1
9 0 1 0 -1 1 1 0 -1
4 0 2 3 1
3
3
2
2
3
3
3
2 0 1
2
2
2
2
2 1 -1
2 1 -1
4 0 -1 0 -2
5 1 -1
5
5
4
3
3
2
2
2
2
2
2
2
2
3
3
4 0 -1
6
7 1 -1
6 0 1 0 -2
5 1 -1
5
6 0 1 0 1 2 -2
4 0 -4 0 -1 1 1 0 2
13 0 -1 3 -1
13
10 0 2 0 1
7
6
5
5
5
5
6
6
6
21 1 1
20
20
19
19
18 1 -1
19 1 -1
19
19
19
20
20
20
20
21
14 0 6 0 1 1 -1 0 1
10 1 3
9 1 3
8 1 3
8 1 2 0 1
8 1 2 0 1
9 0 -1 0 3 0 1 1 1
15 0 -3 0 2 1 1
17
18
17
17
17
17 0 1
11 0 4 0 4 1 -1 2 -1
4 0 1 0 1
2
2
2
3
3
3
3
3
3
3
3
3
3
3
3
3
4 0 -1 0 1
10 0 -3 0 3 2 -1
12 1 2
10 0 3 0 3 2 -1
4 0 1 0 1 1 1 0 1
3
2
2
2
2
2
1
1
1
2
2
2
1
1
1
1
1
1
2 1 1
3 0 -1 0 2
6 0 -1 0 1
7 1 1
8 0 -1 0 1
10
5 0 3 0 -1
2
2
2
2
2
2
2
3
2 1 -1
2 1 -1
2
4 0 -2 0 -1
6 1 -1 0 -1
6 1 -1
6
5
5
4
3
3
3
2
2
2
2
2
2
2
3
3
3
3
5 1 1
6 0 -1 0 1
8
7 1 -1
6 0 1 0 -1
3 0 2 0 1
6 0 -7 0 -2 1 1 0 3 1 1 0 1 5 -1
14 0 1
12 0 1 0 1
8 0 2 0 1
6
5
5
5
6
6
6
5 0 1 0 1
4 1 1
19 1 1
19
20
20
20
20
19
19
19
19
19
19
20
19
20 0 -1 0 1
14 0 9 0 -1 2 -1 0 -1 0 1
6 0 1
6
6
6
7
7
9 0 -2 0 2 0 1 0 -1 0 1
17 0 -1 0 1 1 1 0 -1
17
17
17
17 0 1 0 1 1 -1
13 0 4 0 3 0 -1 0 -1 0 -1 2 -1
5 0 1 0 1 1 1
3 0 1
2
3 1 -1
2
2
2
2
3
3
3
3
3
3
3
3
3
3
3
4 0 -1 0 1
5 1 1
4 0 1 0 1
3
3
2
2
2
2
1
1
1
1
1
1
1
1
1
1
1
1
1
1
1
2 1 1
3 0 -1 0 1
6 0 -2 0 1
9 0 -1 0 1
8 0 3 0 -1 2 -1
2 0 1
2
2
2
2
2
2
3 0 -1
6 0 -1 0 -3 0 1 0 1 0 -1
6 0 1 0 -4 0 1 5 -1
5 1 -3 0 1 0 -1
6 0 -1
7
6
5
5
4
3
3
3
2
2
2
2
2
2
2
2
2
2
2
3
3
4 0 -1 0 1
6 1 1
7 0 -1
8
5 0 1 0 -2 1 1
10 0 -5 0 -1 1 -1 0 -1
13 0 1 0 1
10 0 2 0 1
6 0 1
5
5
5
5
5 1 1
5 1 1
3 1 1
3
4
17 0 -2 0 1 1 1 0 -1
19
19
19
19
18
18 1 1
18
19
19
19
19
19
18 0 1
18 0 -1 0 1
17 0 4 0 -1 1 2 0 -2
10 1 -4 0 1
10 1 -4 0 1
10 1 -5 0 1
10 1 -4 0 1
9 1 -2
9 1 -2
8 1 -1
13 0 -5 0 1 4 -1 0 1
17
17
17
12 0 4 0 3 1 -1 2 -1
5 0 2 0 1 0 1 0 1 0 1
3
2 0 1
3 0 -1
5
3 0 1 0 -1
2
2
2
2
3
3
3
3
2
2
2
3
2
3
3
3
3
3
2
2
2
2
2
2
1
1
1
1
1
1
1
1
1
1
1
1
1
0
1
1
4 0 -2 0 1
8 0 -1 0 1
10 0 1 2 1 0 -1
2 0 2 3 1
1
2
1
1
1
1
2 0 -1
10 0 -4 0 2 2 -1 1 -1
12 1 2
10 0 2 0 1 2 -1
7
6
5
5
4
4
3
3
2
2
2
2
2
2
2
2
2
2
2
3
2
3
3
4 1 1
5 0 -1 0 1
7 1 1
8 0 -1
10 0 -1 0 1 1 -1
11 0 1 0 1
7 0 2 0 1
5
5
4
4
4
3
3
3 0 -1 0 -1
4 1 -1
5 1 -1
14 0 -3 0 1
18
19
19
19
18
18 1 -1
18
18
18
18
18
18 1 1
18 0 1 3 -1
16 0 -1 0 1 2 1
18 0 1 3 -1
14 1 1
16
16
17 1 -1
16 1 -2 0 -1
16 1 -2 0 -1
15 1 -3 0 -1
15 0 -1 0 -1 1 -1
17 1 1
17
18 0 -1 0 -1
7 0 5 3 4 0 1
3 0 1
3
2
3 0 -1
5 0 -1
4 0 2
2
2
2
2
3
3
3
3
2
2
2
2
2
2
2
3
2
2
2
1
1
1
2
1
1
1
1
1
1
1
1
1
1
1
1
1
0
1
1
1
2 0 -1 0 1
6 0 -2 0 1
9 4 -1
3 0 2 3 1
1
1
1
1
1
1
2
4 0 -2 0 2 1 -1
6 0 -1 0 2 0 1 0 1
7 0 1 0 1
6
6
5
4
4
3
3
2
2
2
2
2
2
2
2
2
2
2
2
2
3
2
3
3
4
5 1 1
6 0 -1 0 1
7 1 1
8 1 1
6 0 1
5
3 1 1
3 1 1
3
3
3
4 0 -1 0 -1
6 0 -1 0 -2
7 1 -2
7 1 -2
12 0 -1 0 1
17 0 -1 0 1 2 -1
18 1 1 0 -1
18 1 1
19 1 1
19
18 1 1
16 0 2 0 2 0 -1 0 -1 0 -1
16 0 -1 0 2 0 -1 0 1 0 -1
17 1 1
17
17
17
15 1 1
13 1 1 2 1
17 0 -1 3 -2 0 1
8 1 2 0 1 0 -1 0 1 0 1 2 1
9 1 4 0 1 5 1
11 0 -1 0 4
12 1 3
12 1 3
12 1 3
12 1 3 6 1
11 1 4
9 0 1 0 4 0 1 5 1
8 1 4 0 2 4 -1 0 1
10 0 -2 0 5 0 1 0 -1 0 1 2 1
7 0 3 0 1 1 1 0 1 0 1 0 1
3 0 1
2
2
2 0 -1
5 0 -1
4 0 1
2
2
2
2
2
3
3
3
3
2
1
2
2
2
2
2
2
2
1
1
1
1
1
1
1
1
1
1
1
1
1
1
1
1
1
1
1
1
1
1
1
3 0 -2 0 1
8 0 -1 0 1 2 -1
3 0 3 3 1
1
1
1
1
1
1
1
2 0 -1
5 0 -1
6
5
5
4
4
3
2
2
2
2
2
2
1
2
2
2
2
2
2
2
2
2
2
2
3
3
3
4 1 1
5 1 1
5 1 1
5 1 1
5
2 0 1
2 0 -1
3
3
5 0 -1 0 -1
8 0 -1 1 -1
11 0 -1 1 -1
12 1 -1 0 -1
13 1 -1 0 -1
11 0 -1 0 -1 2 -1
10 0 2 0 2 0 1 0 -2 0 -1
8 1 4 0 1
9 0 -1 0 5
10 0 -1 0 5
11 1 5 6 1
10 0 3 0 5 0 1 4 -1
5 0 1 0 3 0 1 0 1
5 0 -1 0 3 0 1 0 -1
9 0 -2 0 4 5 1
14 0 -1 0 3 0 -1 0 1
17 0 -1
18
15 0 2
12 1 1
15 0 -2 3 -1 0 1
7 0 1 3 1
6
6 1 1
5 1 1
5 1 1
5 1 1
5 1 1
5 1 1
5
6
6
6
5 0 1 0 -1
3 0 1
2
2 0 -1
5 0 -1
5 0 1
2 0 1
2
2
2
2
2
2
2
3
2
1
1
1
2
2
2
2
2
1
1
1
1
1
1
1
1
1
1
1
1
1
1
1
1
1
1
1
1
1
1
1
1 0 -1 3 1
5 0 -1 0 1 2 -1
2 0 2 3 1
1
0
0
1
1
1
1
2 0 -1
6 0 -1
5
5
4
3
3
3
2
2
2
2
2
2
1
1
1
2
2
2
2
2
2
2
2
2
2
3
3
3
3
4
4
5
3 0 1 3 1
3
4 0 -1 0 -1
5
5
5 1 1
5 1 1 0 1 5 1
6 1 2
7 1 2
14 1 -1 2 -1 1 -1
9 0 4 0 -1
3 0 1
3 1 1
3 1 1
3 1 1
3 1 1
2
2
3 0 -1 0 1
6 0 -2 0 2 1 -1
12 0 -3 0 4 0 -1 0 1
17 0 -1 0 1
16 0 3 3 -2
11
14 0 -2 3 -1 0 1
7 0 1 3 1 0 1
6
5
5
5
5
5
5
5
6
6
6
6
3 0 2 0 -1
2
2 0 -1
6 0 -1
6
4 0 2 0 -1
2
1
1
2
2
2
2
2
2
2
2 1 -1
1
2 0 -1 0 -1
4 1 -2 2 -1 1 1
2
3 0 -1 0 -1
4 1 -2
3 1 -2
2 1 -1
2 1 -1
2 1 -1
2 1 -1
2
1
1
1
1
1
1
1
1
1
1
1
1
1
1
1
1
1
1
3 0 -1 0 1
1 0 1
1
0
0
0
0
0
1
3 0 -2
5
4
4
3
3
2
2
2
2
2
2
1
1
1
1
1
1
2
2
2
2
2
2
2
2
2
2
2
3
3
3
3
4 0 -1
5 1 -2 1 1
5 1 -2
6 1 -1
6 1 -1
5
5
5
4
3
15 0 2 0 1
11 0 4 0 -1 0 -1 0 1 0 -2
2 0 1 3 1
1
1
2
2
2
1
1
3
4 0 -1 0 1 1 -1
10 0 -4 0 4 1 1 0 -1 1 -1 0 1
15 0 2 0 1 2 -2
10
14 0 -2 3 -1 0 1
7 0 1
6
5
5
5
5
5
5
6
6
6
6
5
5 0 2 0 -1 2 -1
2
3 0 -1
6 0 -1
7
7 0 1 0 -1 2 -1
3 0 2 0 -1 1 -1 0 1
1
2
2
2
2
2
2
2
3
3
2
4 0 -1
7 0 1 1 -1 1 -1
4
7 0 -2 0 -1
12 0 -1 0 -3 0 -1
13 1 -4 0 -1
12 0 1 0 -5 0 -2 5 1
11 1 -5 0 -2 5 1
10 1 -6 0 -2 5 1
10 1 -6 0 -1 5 1
9 1 -6 0 -1
7 0 1 0 -5 1 -1
5 0 1 0 -4
4 1 -2 0 1
3 1 -2 0 1
2 1 -1 0 1
2 1 -1
1 1 -1
0
0
0
1
1
1
1
1
1
1
1
1
1
1
1
0
0
0
0
0
4 0 -1 3 -1
4
3
3
3
2
2
2
2
2
2
1
1
1
1
1
1
1
1
1
2
2
2
2
2
2
2
2
2
2
2
2
3
4 0 -1
9 0 -4 0 -2 0 -1 0 2
13 1 -4 0 -1 5 1
13 0 1 0 -5 0 -1 5 1
12 1 -5 0 -1 5 1
10 0 1 0 -5 0 -1 5 1
9 0 1 0 -3 0 -1 0 -1 4 1
7 0 1 0 -2
5 0 1 0 -1
4
12 0 2 0 1 1 1 0 1
10 0 1 3 -1
3 0 2 3 1
1
1
1
1
1
1
1
2
2
3 0 -1 0 1 1 -1
8 0 -2 0 3 0 1 0 1 0 -2 2 1
10 0 -1
13 0 -1 0 1 1 -1 0 -1
7 0 1
6
6
5
5
5
5
6
6
6
6
6
6
7 1 -1 2 -1
3 1 -1
5 0 -1 0 -1
7 0 -1 0 -1
8
8
4 0 2 0 -1 2 1
3 1 -1
3 1 -1
4 1 -1
3 1 -1
2
2
2
3
3 0 -1
5 1 -1
4 0 1 0 -1
4
4
5 0 -1 0 -1
6
8 0 -1 0 2 0 1 0 -1
11 0 -1 0 2
13 0 -1 0 2
14 1 1
14
15
15
15
14 1 -1 0 -1
13 1 -1 0 -2
12 1 -2 0 -2
10 0 1 0 -2 0 -1
8 0 1 0 -2 0 -1
5 0 1 0 -1 0 -1
2 0 1 0 -1
1
0
0
1
1
1
0
0
1
1
1
1
1
1
1
0
0
0
0 0 -1
4 0 -1 3 -1
3 0 1
2
2
2
2
2
1
2
1
1
1
1
1
1
1
1
1
1
1
1
1
2
2
2
2
2
2
2
2
2
2
2
3 0 -1
7 0 -4 0 2 1 -1 0 1
12 1 2
12 1 3
11 1 3
10 1 2
9 0 1 0 2
8 0 1 0 2
6 1 1
5
10 0 -1 2 1
12 1 -2 2 -1
4 0 4 0 -1 1 -1 0 1
1
1
1
1
1
1
1
2
2
2
3 0 -1 0 1
8 0 -2 0 1
11 0 1 0 1 2 -1
7 0 1
7
6
6
5
6
6
6
6
6
6
6
6
8 0 -1
10 1 -2
10 1 -2
10 1 -1
10 0 1 0 -1
9 1 -1
8 1 -3
8 1 -3
8 1 -3
10 1 -2
9 0 2 0 -1 1 -1 0 -1
3 0 1 3 1
3 0 -1 0 -1
4 1 -2 0 1
5 0 -1 0 -4 0 2 5 -1
7 1 -4 0 1
10 0 -1 0 -3 2 -1
11 1 -3
9 0 1 0 -5 0 1 5 -1
9 1 -5 0 1 5 -1
11 1 -4 0 1
11 1 -4 0 1
11 1 -4 0 1
11 1 -3 0 1
11 0 -1 0 -2 0 1
12 1 -1 0 1
13 1 -1 0 1
13
13
12
11 1 1
10 0 1 0 1
9 0 1 0 2
7 0 1 0 2
6 1 2
5 0 1 0 1
4
2 0 1 0 -1
0
0
0
0
0
0
0
1
1
3 0 -1 0 -3 0 1 0 1
4 1 -3
4 1 -3 0 1
3 0 1 0 -2 1 -1
1 1 -1
0
0
0
1 0 -1
3
3
2
2
2
2
1
1
1
1
1
1
1
1
1
1
1
1
1
1
1
1
1
1
1
2
2
2
2
2
2
2
2
3
4 0 -1 0 1
5 1 2
5 1 2
5 1 1
4 1 1
4 1 1
4 1 1
4
5 1 1
9 0 -2
14 0 -1 3 -1
5 0 5 3 2
1
1
1
1
1
1
1
1
2
2
2
6 0 -3 0 1
9 0 1 0 1
7
7
6
6
6
6
6
6
6
6
6
7
7
8 0 -1
9 1 3 1 -1 2 -1
9 1 2
9 1 3
8 1 3
9 0 -1 0 3 0 -1
10 1 4 0 -1
10 1 4 0 -1
9 1 4 0 -1
9 1 4 0 -1
7 0 2 0 3 1 1
4 1 -1 1 1
6 0 -1 0 -1 1 -1
9 0 -2 0 1 0 -1 0 -1
12 0 -1 0 2
14 1 1
15 1 2
15 1 2
16 1 2
16 1 2
16 1 2
16 1 2
16 1 2
16 1 1
16 1 1
15 1 1
14 1 1
14 1 1
13
12 0 1 0 1
10 0 1
8 0 1
6 0 1
4
4
4
4
3
2 0 1 0 -1
0
0
0
0
0
0
1
1
8 0 -2 3 -2 0 -1
9 1 1 1 -1
7 0 1 0 2
4 0 1 0 1
2
1
1
0
1 0 -1
3
2
2
2
2
2
2
1
1
1
1
1
1
1
1
1
1
1
1
1
1
1
1
1
1
1
1
1
1
2
2
2
2
2
3 0 -1
3
3
3
4
4
4
4
4
7 0 -2 0 1
13 0 -1 0 1 0 -1 1 -1
5 0 5 3 1
1
1
1
1
1
1
1
1
1
1
2
4 0 -2 0 1
8
8
7 0 1
6
6
8 1 -2
8 1 -2
6
6
6
6
7
7
7
8 0 -1
5 0 2 3 1
6 0 -1
6 1 -1
7 0 -1 0 -2
7 0 1 0 -1 1 -1
4 0 1 0 1 1 -1 0 1
3 1 2
3 1 1
3 1 1
4 0 -1
5
5
6 1 1
6 1 2
7 1 2
8 1 3
9 1 3
10 1 3
10 1 3
10 1 3
10 1 3
11 1 2
10 1 3
10 1 3
10 1 3
9 1 3
9 1 3
8 1 3
7 1 2
6 1 2
6 1 1
5
5
4
4
4
4
3
1 0 1
0
0
0
0
0
0
1
4 0 -1 0 2 1 -1 0 -1
4 0 1 0 2
3 1 1
2
2
2
2
1 0 1
1 0 -1
2
2
2
2
2
2
2
2
2
1
1
1
1
1
1
1
1
1
1
1
1
1
1
1
1
1
1
1
1
1
1
2
2
2
3
4
4 1 -1
4 1 -1
5 1 -1
5 1 -1
4
4
4
5
7 0 -1 0 2 2 -1
5 0 3
1
1
1
1
1
1
1
1
1
1
2
3 0 -1 0 -1
7 0 -2
8
9 1 -1
10 0 -1 0 -2 0 -1
11 0 -1 0 -2 0 -1 5 -1
13 1 -1 0 -1
13 1 -1 0 -1
8 0 2 3 1
6
6
7
7
7
7
8
5 0 2 3 1
6 0 -1
7
10 0 -2
12 0 1 0 -1
3 0 3 3 1
1
2
3
4 0 -1
5
5
5
5
4
5 1 1
4 1 1
5 1 1
5 1 1
5 1 1
5 1 1
5 1 2
5 1 1
5 1 1
5 1 1
4 1 1
4 1 1
4
4
5
5
5
5
5 0 1
4
4
3
3
2 0 1
0
0
0
0
0
0
1
1
2
2
2
2
2
2
1 0 1
2 0 -1
2
2
2
2
2
2
2
2
2
2
1
1
1
1
1
1
1
1
1
1
2
1
1
1
1
1
1
1
1
1
1
1
2
2
2
5 0 -2 2 1
10 1 -3
10 1 -3
9 1 -3
9 1 -3
8 1 -3
7 1 -3
7 1 -2
5 1 -1
5
4 0 2 0 1
1
1
1
1
1
1
1
1
1
1 0 -1
5 0 -2 0 -2 1 1 0 1
9 0 -1 0 -4 0 1 5 -1
10 0 -1 0 -4 0 1 0 -1 4 -1
11 1 -3 0 1 5 -1
12 1 -2 0 1 5 -1
13 1 -1
12
12 1 1
11 1 1
8 0 1
7
7
7
7
7
7
7
5 0 2 3 1
6 0 -1 3 -1
7
8 0 -1 0 1 2 1
12
3 0 3 3 1
1
2 0 -1
3 0 -1
5
5
5
5
5
5
4
4
4
3
3
3
3
3
3
3
3
4
4
5
5
5
5
4
5
4
4
4
3
3
1 0 1
0
0
0
0
0
0
1 0 -1
3 1 -1
2
2
2
2
2
2
2
2
2
2
2
2
2
2
1
1
1
1
1
1
1
1
1
1
1
1
1
2
1
1
1
1
1
1
2
2
1
1
1
2
2
2
5 0 -3 0 1 1 -1 0 1
13 0 -1 0 2 0 -1 1 -1 0 -1
14 1 2
14 1 1 0 -1
14 1 1 0 -1
14 1 1 0 -1
13 1 1 0 -1
12 1 1 0 -1
7 0 -1
5 0 1
3 0 1
1
1
1
1
1
0
1
1
1
2 0 -1
7 0 -3 0 2 1 -1
13 0 -2 0 4 0 -1
15 0 -1 0 2
16 1 1
16
15
15 1 -1
13 0 1 0 -2
12 1 -3 0 1
12 1 -3
11 0 1 0 -4
10 1 -3
9 1 -2
8 1 -1
8
7
8
6 0 1 0 -1 2 1
7 0 1
7
8 0 -1 3 1
11
3 0 3 3 1
1
2 0 -1
4 0 -1
5
5
5
5
5
5
5
5
4
4
4
4
4
4
4
4
4
5
5
5
5
5
5
4
5
5 0 1
4
4
4
3
1 0 1
0
0
0
0
0
0
2 0 -2 3 1
7 0 -1 0 -3 1 1
5 0 3 0 -2 1 -2 0 1
2
2
2
2
3 0 -1
3
2 0 1
1
1
2
1
1
1
1
1
1
1
1
1
1
1
1
1
1
1
1
1
1
1
1
1
1
1
2
2
1
1
1
1
2
2
3 0 -1
8 0 -1 0 2 2 -1
8 1 2
8 1 2
8 1 2
8 1 2
7 1 2
7 1 2
6
5
5 0 1 0 -1
4 0 -1 0 -2 1 1
6 0 -1 0 -3
2 0 2 0 -1 1 -1 0 1 0 1 0 -1
1
1
0
1
1
1
3 0 -2
5
6 1 1
9 0 -1 0 2
11 0 -1 0 3
12 1 3
13 1 2
14 1 2
14 1 1
14 1 1
15
14
14
13 1 -1
12 1 -2
11 1 -2 0 -1
11 1 -2
10 1 -2
9 1 -1 2 1
9 0 1 0 -1
7
8 0 -1 3 1
10
3 0 3 3 2
1
2 0 -1
4
5
5
5
5
5
5
5
5
5
5
5
5
5
5
5
5
5
5
5
5
5
5
5
4
4
5
4
4
4
4
1 0 2
0
0
0
0
0
0
2 0 -2 3 1
10 0 -1 1 -1 1 -1 0 -1
7 0 5 3 1 0 -1 1 -1
3
2
2
2
3 0 -1
3 0 1
2 0 1
1
1
1
1
1
1
1
1
1
1
1
1
1
1
1
1
1
1
1
1
1
1
1
1
1
1
1
1
1
1
1
1
1
1
2 0 -1
4 1 1
4 1 1
4 1 1
4 1 2
4 1 1
3 1 1
3
6 0 -1 0 -1 0 1
8 0 -2 0 -3 1 1
11 1 -3 0 -1
12 1 -1 0 -2 0 -1 4 -1
10 0 2 0 1 0 -1 0 -1
2 0 2 2 1 0 1
1
1
0
1
1
1
4 0 -1
5
5
5
6 1 1
7 1 1
8 1 1
9 1 1
10 1 1
10 1 2
11 1 2
11 1 2
11 1 2
12 1 2
12 1 2
12 1 1
12 1 1
12
11
10 0 1
9
8 0 -1
11
4 0 4 3 1
1
2 0 -1
5
5
5
5
5
5
5
5
5
5
5
5
5
5
5
5
5
5
5
5
5
5
5
5
4
5
5
5
4
4
4
2 0 2
0
0
0
0
0
1
1 0 -1
5 0 -1 0 2
4 0 1 0 1 1 1
3
3
3
2
3 0 -1
3 0 1
1
1
1
1
1
1
1
1
1
1
1
1
1
1
1
1
1
1
1
1
1
1
1
1
1
1
1
1
1
1
1
1
1
1
2
2
3
2
2
2
2
3
3
12
15 0 -1 0 1 0 -1 0 -1 0 -1
12 0 1 0 3 0 -1 1 1
9 0 2 0 4 0 -1 4 -1
5 0 2 0 2 1 1
1 0 1
1
1
0
1
1
2 0 -1
4
5
5
5
5
5 1 1
5 1 1
6 1 1
6 1 1
7 1 1
7 1 1
7 1 1
8 1 1
8 1 1
8 1 1
8 1 1
8 1 2
8 1 2
7 1 2
7 1 2
7 1 2
8 0 -1 0 1
10 0 -1
5 0 4 3 1
2
4 0 -2 0 -1
6 0 1
5
5
5
5
5
5
5
5
5
5
5
5
5
5
5
5
5
5
5
5
5
5
5
5
5
6
5
5
5
4
2 0 2
0
0
0
0
0
1
1
2 0 -1
2
3
3
3
3
3
3 0 1
1
1
1
1
1
1
1
1
1
1
1
1
1
1
1
1
1
1
1
1
1
1
1
1
1
1
1
1
1
1
1
1
1
1
2
3
4
2
2
2
3
3
3
7 1 3
6 0 1 0 4 0 1
3 0 1 0 2 0 1 0 1
1 1 1
1
1
1
1
0
0
1
2 0 -1
5
5
5
5
5
4
4
4
4
4 1 1
4 1 1
4 1 1
4 1 1
5 1 1
5 1 1
4 1 1
4 1 1
4
4
5
5
5
7 0 -1 0 1 1 -1
6 0 2 2 1
3 1 -1
7 0 -3 0 -1
7 0 1
5
5
5
5
5
5
5
5
5
5
5
5
5
5
5
5
5
5
5
5
5
5
5
5
5
6
6
5
5
5
4 0 1 0 -1
2 1 -1
0
0
0
0
0
1
2
2
3
3
3
3
3
3 0 1
1
1
1
1
1
1
1
1
1 1 -1
1
1
1
1
1
1
1
1
1
1
1
1
1
1
1
1
1
1
1
1
1
1
1
1
1
2
3
4
3
3
3
4
4
4
2 1 1
1
1
1
1
1
1
1
0
0
1
2 0 -1
5
5
5
5
5
5
4
4
4
3
3
3
3
3
3
3
4
4
5
5
5
5
5
6 1 1
5 0 1 0 -1
8 0 -3 0 -1 2 -1
7 0 2
5
5
5
5
5
5
5
5
5
5
5
5
5
5
5
5
5
5
5
5
5
5
5
5
5
6 0 -1
7 1 -1
7 1 -1
7 1 -1
7 1 -2
8 0 -1 0 -3
9 1 -4 0 -1
2 0 4 0 -1 1 -1 0 3 0 1 0 -1
0
0
0
0
1
2 0 -1
3
3
3
3
3
3
2 0 1
1
1 0 -1 0 -1
4 0 -1 0 -2
6 0 -1 0 -3 0 -1
7 1 -4 0 -1
7 1 -4 0 -1
8 1 -5 0 -1
8 1 -4 0 -1
7 1 -4 0 -1
6 1 -4 0 -1
6 1 -3
6 1 -3
5 1 -3
5 1 -3
4 1 -2
4 1 -2
4 1 -2
3 1 -2
3 1 -2
3 1 -1
2 1 -1
2 1 -1
2 1 -1
2 1 -1
1 1 -1
1
1
1
1
1
1
1
1
1
2
2
3
4
4
4
4
4
4
1
1
0
0
1
0
1
1
0
1
1
2 0 -2
5
5
5
5
5
5
5
5
4
4
4
4 1 -1
4 1 -1
4 1 -1
4 1 -1
4 1 -1
5
5
5
5
5
5
5
5
6 0 -1
10 0 -3
8 0 2 3 1
5
5
5
5
5
5
5
5
5
5
5
5
5
5
5
5
5
5
5
5
5
5
5
5
5
6 0 -1
10 2 -1
10 2 -1
10 2 -1
10 2 -1
10 1 1 0 -1
10 1 2 0 -1 0 -1
2 0 3 0 1 1 1 0 2 0 1 0 1
0
0
0
0
1
2 0 -1
3
3
3
3
3
3
2 0 1
2 0 -1 0 -1
4 0 -1 0 -1
5
7 0 -1 0 1
9 0 -1 0 1
10 1 1
10 1 1
11
11
11
11 1 -1
11 1 -1
11 1 -1
11 1 -1 0 -1
11 1 -1 0 -1
11 1 -1 0 -1
10 1 -1 0 -1
10 1 -2 0 -1
10 1 -2 0 -1 5 -1
10 1 -2 0 -1 5 -1
9 1 -2 0 -1 5 -1
8 0 1 0 -3 0 -1
7 1 -3
6 1 -2
6 1 -2
4 1 -2
3 0 1 0 -2
2 1 -2
2 0 1 0 -1
1
1
1
1
1
1
2
2
3
4
4
4
4
4
1
1
0
0
0
0
1
0
0
0
1
3 0 -2
5
5
5
6
6
5
5
5
5
5
5
5
5
5
5
5
5
5
5
5
5
5
5
5
5
9 0 -3 0 1
8 0 2 3 1
5
5
6
6
6
5
5
5
5
5
5
5
5
5
5
5
5
5
5
5
5
5
5
5
5
6 0 -1
6 1 2 1 -1
6 1 3 6 1
6 1 2
5 1 2
4 1 2
3 0 1 0 2 2 -1
1
0
0
0
0
1
2 0 -1
3
3
3
4
3
2 0 1
2
4 0 -1 0 -1
4
4
4
5 1 1
6 1 1
7 1 2
9 1 2
9 1 1
10 1 1
10 1 1
11 1 1
11 1 1
11 1 1
11 1 1
11
11
11
11
11
10
10
10
10
10
9
8
7 0 1
5 0 1 0 -1
3 0 1 0 -1
1 1 -1
1
1
1
1
1
2
3 0 -1
4
4
4
4
4
1
1
0
0
0
0
1
1
1
0
1
3 0 -2
5
5
6
6
6
6
6
5
5
5
5
5
5
5
5
5
5
5
5
5
5
5
5
5
5
6 0 -1 0 1
7 0 1 2 1
5
6
6
6
6
6
6
6
6
5
5
5
5
5
5
5
5
5
5
5
5
6
5
5
5
6
2 0 2 3 1
1
1
1
1
1
0
0
0
0
0
0
2 0 -1
3
4
4
4
3 0 1
2 0 1
2 0 -1
4
4
4
4
4
4
4
5 1 1
5 1 1
6 1 1
7 1 1
7 1 1
8 1 1
8 1 1
8 1 1
8 1 1
9 1 1
8 1 1
9 1 1
8 1 1
8 1 1
8 1 1
8 1 1
8 1 1
7 1 2
6 1 2
5 1 2
4 1 1
4 1 1
4 1 1
4 0 1 0 -1
1 0 1 0 -1
1
1
2
2
2
2 0 -1
4
4
4
4
4
1
1
0
0
0
1
1
1
1
1
1
3 0 -2
5
5
6
6
6
6
6
6
5
5
5
5
5
5
5
5
5
5
5
5
5
5
5
5
5
5
6 0 -1
6
6
6
6
6
6
6
6
6
6
6
6
6
6
5
5
5
5
5
5
6
6
5
5
5
6
2 0 2 3 1
0
0
1
1
0
0
0
0
0
0
0
2 0 -1
4
4
4
4
3 0 1
2
3 0 -1
4
4
4
4
4
4
4
3
3
3 1 1
4 1 1
4 1 1
5 1 1
5 1 1
5 1 1
6 1 1
6 1 1
6 1 1
6 1 1
5 1 1
5 1 1
5 1 2
4 1 2
4 1 2
3 1 1
3
3
3
3
3
4
3 0 1
1 0 1
1
1
1
1
2
3
4
4
4
4
1
0
0
0
0
1
1
1
0
1
1
3 0 -2
5
5
6
6
6
6
6
6
5
5
5
5
5
5
6
5
5
6
5
5
5
5
5
5
5
5
6 0 -1
7
7
7
7
6
6
7
6
6
6
6
6
6
6
6
6
6
5
5
6
5
6
6
5
5
6
2 0 2 3 1
0
0
1
1
0
0
0
0
0
0
1
2 0 -1
4
4
4
4
3
2
3
4
4
4
4
4
4
4
4
3
3
2
2
2
2 1 1
2 1 1
2 1 1
2 1 1
2 1 1
2 1 1
2 1 1
2 1 1
2
2
2
3
3
3
3
3
3
3
4
3 0 1
1
1
1
1
1
3 0 -1
4
4
4
5
1 0 1
0
0
0
0
1
0
1
0
0
1
3 0 -2
5
5
6
6
6
6
6
6
5
5
5
5
5
6
6
6
6
6
6
6
6
6
6
6
5
5
6 0 -1
8 0 -1
8 1 -1
7
7
7
7
7
7
7
7
7
7
7
7
7
7 1 -1
6 0 1
6
6
6
6
6
6
5
5
6
2 0 2 3 1
0
1
1
1
0
0
0
0
0
0
1
2 0 -2
4
4
4
4
4
2 4 1
4
4
4
4
4
4
4
4
4
4
3
3
2
2
2
2
2
2
1
2
2
2
2
2
3
3
3
3
4
4
3
3
3
4
2 0 1
0
1
1
1
3 0 -1
4
4
4
5
3 0 2 0 -1 1 -1 0 -1
0
0
0
1
1
0
1
0
0
1
3 0 -2
5
5
6
6
6
6
6
6
5
5
5
5
5
6
6
6
6
6
6
6
6
6
6
6
6
6
7 0 -1
9 0 -2
11 1 -1
10 1 -2
10 1 -2
9 1 -2
9 1 -1
8 1 -1
8 1 -1
8 1 -1
8 1 -1
8 1 -1
8 1 -1
8 1 -1
9 1 -1
10 1 -2
10 0 1 0 -2 1 -1
6 0 1
6
6
6
6
6
6
5
5
6
2 0 3 3 1
0
0
1
1
0
0
0
0
0
0
0
3 0 -2
5
5
5
4
4 0 1
3
4
4
4
4
4
4
4
4
4
4
4
3
3
3
3
2 1 -1
2
2 1 -1
2 1 -1
2 1 -1
3 1 -1
3 1 -1
3
4
4
4
4
4
4
4
3
3
3
3
2 0 1
0
0
1
1
3 0 -1
4
4
4
5
7 0 5 0 -1 1 -1 0 -2
0
0
0
1
1
0
1
1
1
1
3 0 -2
5
5
6
6
6
6
6
6
6
6
6
6
6
6
6
6
6
6
6
6
6
6
6
6
6
6
7 0 -1
8 0 -1 3 1
11 1 1
11 1 1
12
12
11
11
11 1 -1
10 1 -1
10 1 -1
10
10
10
11 0 -1
12
12 0 2 3 -1
6 0 1 3 1
6
6
6
6
6
6
6
5
6
2 0 3 3 1
0
0
1
1
0
0
0
0
0
0
1 0 -1
5 0 -1 0 -1
5
5
5
5
4
4 0 -1
5
4
4
4
4
4
5
5
5
4
4
4
4
4
4
4
4
4
4
4
4
4
4
4
4
4
4
4
4
4
4
4
3
4
3
1 0 1
0
1
1
3 0 -1
4
4
5
5
8 0 6 3 -2
0
0
0
1
1
0
1
1
1
1
3 0 -2
6
5
6
7
6
6
6
6
6
6
6
6
6
6
6
6
6
6
6
6
6
6
6
6
6
6
6 0 -1
8
8 1 1
7 1 2
8 1 2
9 1 2
9 1 2
10 1 1
10 1 1
10 1 1
10
10 1 1
10 1 1
9 1 1
10 1 1
10 1 2
9 0 2 0 2 1 1 0 -1
6
6
6
6
6
6
6
6
5
6
2 0 2 3 1
0
0
0
1
0
0
0
0
0
0
2 0 -3 0 -1 2 1
7 1 -1 2 -1
5
5
5
5
4 0 1
4 0 -1
5
4
4
5
4
4
5
5
5
5
4
4
4
4
4
4
4
4
4
4
4
4
4
4
4
4
4
4
4
4
4
4
4
4
4
1 0 2 3 1
0
1
1
3 0 -1
5
5
5
5
9 0 7 3 -2
1
0
0
1
1
1
1
1
1
1
3 0 -3
6
5
6
7
7
6
6
6
6
6
6
6
6
6
6
6
6
6
6
6
6
6
6
6
6
6
7 0 -1
7
5 0 1
3
4 1 1
4 1 1
5 1 1
6 1 2
7 1 2
7 1 2
7 1 2
7 1 2
6 1 2
6 1 2
5 1 2
5 0 -1 0 1
6
6
6
6
6
6
6
6
6
6
6
3 0 2 3 1
1
0
1
1 1 -1
0
0
0
0
0
0
2 0 -2 0 1 1 -1 0 1
7 1 1 2 -1
6
6
6
6
3 0 2 0 1
4 0 -2
5
4
4
5
5
5
5
5
5
5
5
5
5
4
5
5
5
5
5
4
4
4
5
5
4
4
5
4
4
4
4
4
4
4
4
3 0 2
0
0
1
3 0 -2
5
6
6
6
9 0 7 3 -2
0
0
0
1
1
1
1
1
1
1
4 0 -2
6
5
6
7
7
7
6
6
6
6
6
6
6
6
6
6
6
6
6
7
7
7
7
7
7
6
7 0 -1
7
6 0 1 0 -1
5 1 -1
5 1 -1
5 1 -1
5 1 -1
4
3 1 1
3 1 1
3 1 1
2 1 1
2 1 1
2
3
4 0 -1
6
6
6
6
6
6
6
6
6
6
7
4 0 2 0 -1 2 1
3 1 -2
3 1 -2
2 0 -1 0 -1 2 1
5 0 2 0 -2 1 -1 0 -1
0
0
0
0
0
0
1 0 -1
4 0 -1 0 1 2 -1
5 0 -1
6
6
4 0 1 0 1
1 0 1 0 1
4 0 -2
5
4
5
5
5
5
5
5
5
5
5
5
5
5
5
5
5
5
5
5
4
5
5
5
5
5
5
4
4
4
4
4
4
4
5
4 0 2 3 -1
0
1
1
3 0 -2
6
6
7
7
10 0 7 3 -2
1
0
0
1
1
1
1
1
1
1
4 0 -3
6
5
7
7
7
7
7
7
6
6
6
6
6
6
6
6
6
6
7
7
7
7
7
7
7
7
7
7
7
7
7
7
6
5 0 1 0 -1
4 0 1 0 -1
2
2
1
2
2 0 -1
5 1 -1
6 1 -1
6
6
6
6
6
6
6
6
6
6
7
6 0 1
5 1 -1
7 0 -1 0 -2
6 0 -2 0 -1 2 2
7 0 4 3 -1
0
0
0
0
0
0
0
2 0 -1 0 1
4 0 -1
5 1 1
4 1 1
2 0 1
1 1 -1
4 0 -2
5
4
5
5
5
5
5
5
5
5
5
5
5
5
5
5
5
5
5
5
5
5
5
5
5
5
5
5
4
4
4
4
4
4
5
4 0 2 3 -1
1
1
1
3 0 -2
6 0 -1
7 1 -1
8 1 -1
9 1 -1
10 0 7 3 -2
1
0
0
1
1
1
1
1
1
1
4 0 -3
6
6
7
7
7
7
7
7
7
7
7
7
7
7
7
7
7
7
7
7
7
7
7
7
7
7
7
8
7
7
7
7
7
7
6 0 1
2 0 1
2
2
2
3 0 -1
6 0 -1
7
7
7
7
7
7
7
7
6
6
6
7
6
7 0 -1 0 -1
9 0 -1 0 -1
6 0 -2 0 1 2 2
7 0 4 3 -1
0
0
0
0
0
0
0
1 0 -1
3 0 -1
3 0 1
2
2 1 -1
4 1 -1
5 0 -1
6 0 1
4
5
5
5
5
5
5
5
5
5
5
5
5
5
5
5
5
5
5
5
5
5
5
5
5
5
5
5
5
5
5
5
4
5
4 0 2 3 -1
1
1
1
2 0 -1
6 0 -2
8
9
9
10 0 7 3 -3
1
0
1
1
1
1
1
1
1
1
4 0 -3
6
6
8
8
8
8
8 1 -1
8
8
7 1 -1
7 1 -1
7
7
7
7
7 1 -1
7
8
8 1 -1
8 1 -1
8 1 -1
8 1 -1
8 1 -1
8 1 -1
8 1 -1
8 1 -1
8 0 -1 0 -1
9 1 -1
8 1 -1
8 1 -1
8 1 -1
8 1 -1
8 1 -1
8 1 -1
7 0 1 0 -1 2 -1
4 0 1 0 -1
3 1 -1
3 1 -1
4 1 -1
4 1 -1
7 0 -1 0 -1 2 -1
8 1 -1
8 1 -1
8 1 -1
8 1 -1
8 1 -1
8 1 -1
8 1 -1
8 1 -1
7 1 -1
7 1 -1
7 1 -1
8
8 1 -1
10 0 -2 0 -1
11
6 0 -3 3 2 0 1
7 0 4 3 -1
1
0
1
0
0
0
1
1 0 -1
3 0 -1
4 0 1 0 -1
3 1 -1
3 1 -1
5
6
6
5
5
6
6
6
5
5
5
5
5
5
5
5
5
5
5
5
5
5
5
5
5
5
5
5
5
5
5
5
5
5
5
5
6
5 0 2 0 -1 2 -1
1 1 -1
1 1 -1
2 1 -1
3 1 -1
5 0 -1
7
8
8 1 1
10 0 7 3 -2
2 1 -1
1 1 -1
1 1 -1
1 1 -1
2 1 -1
2 1 -1
2 1 -1
2 1 -1
2 1 -1
2 1 -1
6 0 -3 0 -1
8 1 -1
8 0 -1 0 -2
10 1 -2
10 1 -2 0 1
10 1 -2 0 1
11 1 -2 0 1
11 1 -3 0 1
11 1 -3 0 1
11 1 -3 0 1
11 1 -3 0 1
11 1 -3 0 1
11 1 -3 0 1
11 1 -3 0 1
11 1 -3 0 1
11 1 -3 0 1
11 1 -3 0 1
11 1 -3 0 1
11 1 -3 0 1
12 1 -3 0 1
12 1 -3 0 1
12 1 -3 0 1
12 1 -3 0 1
12 1 -3 0 1
12 1 -3 0 1
12 1 -3 0 1
12 1 -3
13 1 -3 0 1
13 1 -3 0 1
13 1 -4 0 1
13 1 -3 0 1
13 1 -4 0 1
13 1 -3 0 1
13 1 -4
13 1 -4 0 1 5 1
12 1 -3 0 1 1 -1
10 1 -4 0 1
10 1 -4 0 1
10 1 -4
10 1 -4
10 1 -4 0 1
12 0 -1 0 -4 0 1
12 1 -4 0 1
12 1 -3 0 1
13 1 -3
13 1 -3
13 1 -4 0 1
13 1 -4 0 1
13 1 -4
12 1 -4 0 1
12 1 -4
12 1 -3 0 1
12 1 -4 0 1
12 1 -3
12 1 -3
13 0 -1 0 -2
14 0 1 0 -1 2 -1
8 0 -2 0 -2 1 -1 0 2 0 1
9 0 3 0 -1 1 1 0 -1
3 1 -2
3 1 -2
3 1 -2
3 1 -2
3 1 -2
3 1 -2
3 1 -2
3 1 -2
5 0 -1 0 -1
6 1 -1
6 1 -1
5 1 -1
6
7 0 -1 0 -1
7 0 1 0 -1
6 1 -1
6 1 -1
7 1 -1
7 1 -1
7 1 -1
7 1 -1
7 1 -1
7 1 -1
7 1 -1
7 1 -1
7 1 -1
6 1 -1
7 1 -1
7 1 -1
6 1 -1
6 1 -1
6 1 -1
6 1 -1
7 1 -1
7 1 -1
6 1 -1
7 1 -1
7 1 -1
7 1 -1
7 1 -1
7 1 -1
7 1 -1
7 1 -1
7 1 -1
7 1 -1
7 1 -1
7 1 -2
7 1 -1
8 1 -1
8 0 1 0 -1 2 -1
5 1 -2
5 1 -3
6 1 -2
6 1 -2
7 1 -2
8 1 -1
8 1 -1
8 1 -1
11 0 4 2 1 0 -1
5 1 -2
5 1 -2
5 1 -2
5 1 -2
5 1 -2
5 1 -2
6 1 -2
6 1 -2
6 1 -2
7 1 -2
9 0 -2 0 -2
12 0 -1 0 -2
15 0 -1 0 -3
17 0 -1 0 -3
17 1 -3
18 1 -3
18 1 -4
19 1 -4
19 1 -4
19 1 -3
19 1 -3
19 1 -4
19 1 -3
19 1 -4 0 -1
20 1 -4
20 1 -4 0 -1
20 1 -4 0 -1
20 1 -4
19 1 -4
19 1 -4
20 1 -3
21 1 -3
21 1 -3
21 1 -4 0 -1
21 1 -3
21 1 -3
21 1 -4 0 -1
21 1 -4
21 1 -4
21 1 -4 0 -1
22 1 -3
22 1 -3
22 1 -3
21 1 -3
21 1 -3
21 1 -3
20 1 -3
19 1 -4
19 1 -4
20 1 -4
20 1 -3
21 1 -3
20 1 -3
20 1 -3
20 1 -3
21 1 -3
21 1 -3
20 1 -3
20 1 -3
20 1 -3
19 1 -3
19 1 -3
19 1 -3
20 1 -3
19 1 -3
19 1 -2
17 0 1 0 -1 2 -1
13 1 -2 2 1
12 0 1 0 -1
9 1 -3
8 1 -2
8 1 -2
8 1 -2
8 1 -2
8 1 -2
8 1 -2
8 1 -2
9 1 -2
9 1 -1
9 1 -1
9 1 -1
9 1 -1
9 1 -1
9 0 1 0 -1
9 1 -1
9 1 -1
9 1 -1
9 1 -1
9 1 -1
9 1 -1
9 1 -1
9 1 -1
9 1 -1
9 1 -1
9 1 -1
9 1 -1
9 1 -1
9 1 -1
9 1 -1
9 1 -1
9 1 -1
9 1 -1
9 1 -1
9 1 -1
9 1 -1
9 1 -1
10 1 -1
10 1 -1
10 1 -1
10 1 -1
10 1 -1
10 1 -1
10 1 -1
10 1 -1
10 1 -1
10 1 -1
10 1 -1
10 1 -1
10 1 -1
10 1 -1
10 1 -1
11 1 -1
11 1 -1
11 1 -1
11 1 -1
11 1 -1
12 1 -1
12 0 1
10 1 -1
10 1 -1
10 1 -1
10 1 -1
10 1 -1
10 1 -1
10 1 -1
10 1 -1
11 1 -1
11 0 -1 0 -1
13 0 -1 0 -1
16 0 -1 0 -1
19 0 -1 0 -1
22 0 -1 0 -1
23 1 -1
23 1 -1
24 1 -1
24 1 -1
24 1 -1
24 1 -1
24 1 -1
24 1 -1
24 1 -1
24 1 -1
25 1 -1
25 1 -1
25 1 -1
25 1 -1
25 1 -1
25 1 -1
25 1 -1
25 1 -1
25
25 1 -1
25
25 1 -1
26 1 -1
26 1 -1
26 1 -1
26 1 -1
26
26
26 1 -1
26
25 1 -1
25 1 -1
25 1 -1
25 1 -1
25
25
25 1 -1
25 1 -1
25 1 -1
25 1 -1
25 1 -1
25
25
24
24
24
24
23
23
23
22
21 0 1
19 0 1
15 0 1
13 0 1
12 1 -1
11
11
11
11
10
10
11
11
11
11
11
10
10
11
10
10
10
11
10
10
10
10
10
10
10
10
10
10
10
10
10
10
10
10
11
11
11
11
11
11
11
11
11
11
11
11
11
12
12
12
12
12
12
12
12
13
13
12
12
11
11
11
11
11
11
12
12
13
14 0 -1
17 0 -1
20 0 -1
22 0 -1
23
24
24
24
24
25
25
25
25
25
25
25
25
25
25
25
25
25
25
25
25
26
26
26
26
26
27
27
26
26
26
25
25
25
25
25
25
25
25
25
25
25
25
25
24
24
24
24
24
23
22 0 1
21 0 1
19 0 1
16 0 1
14 0 1
13
12
12
11
11
11
11
11
11
11
11
11
11
11
11
11
11
11
11
11
11
11
11
11
11
11
11
11
11
11
11
11
11
11
11
11
11
11
11
11
11
11
12
12
12
12
12
12
12
12
12
12
12
12
13
13
13
13
12
12
12
12
12
11
12
12
12
13
13
15 0 -1
17 0 -1
20 0 -1
22 0 -1
23
24
24
24
24
24
24
24
25
25
25
25
25
25
25
25
25
25
25
25
25
26
26
26
26
26
27
27
26
26
26
26
25
25
25
25
25
25
25
25
25
25
25
25
24
24
24
23
23
23
22
21 0 1
19 0 1
16 0 1
14
13
12
12
12
11
11
11
11
11
11
11
11
11
11
11
11
11
11
11
11
11
11
11
11
11
11
11
11
11
11
11
11
11
11
11
11
11
11
11
11
11
11
12
12
12
12
12
12
12
12
12
12
12
13
13
13
13
13
13
12
12
12
12
12
12
12
12
13
14
15 0 -1
17 0 -1
20 0 -1
22 0 -1
23
24
24
24
24
24
24
24
24
25
25
25
25
25
25
25
25
25
25
25
25
25
26
26
26
26
27
27
26
26
26
26
25
25
25
25
25
25
25
25
25
25
25
24
24
24
24
23
23
22
22
21 0 1
18 0 1
16 0 1
14 0 1
13
12
12
12
12
11
11
11
11
11
11
11
11
11
11
11
11
11
11
11
11
11
11
11
11
11
11
11
11
11
11
11
11
11
11
11
11
11
11
11
11
11
12
11
12
12
12
12
12
12
12
12
13
13
13
13
13
13
13
12
12
12
12
12
12
12
13
13
14
15
17 0 -1
19 0 -1
21 0 -1
23 0 -1
24
24
24
24
24
24
24
24
24
25
25
25
25
25
25
25
25
25
25
25
25
26
26
26
26
27
27
27
26
26
26
25
25
25
25
25
25
25
25
25
25
25
24
24
24
23
23
23
22
22
21 0 1
19 0 1
16 0 1
14 0 1
13
13
12
12
11
12
12
11
11
11
11
11
11
11
11
11
11
11
11
11
11
11
11
11
11
11
11
11
11
11
11
11
11
11
11
11
11
11
11
11
11
12
12
12
12
12
12
12
12
12
12
12
13
13
13
13
13
13
13
12
12
12
12
12
12
12
13
13
14
15
17 0 -1
19 0 -1
22 0 -1
23
23
24
24
24
24
24
24
24
24
24
25
25
25
25
25
25
25
25
25
25
25
25
26
26
26
26
27
26
26
26
25
25
25
25
24
25
25
25
25
25
25
25
24
24
24
24
23
23
22
22
21 0 1
19 0 1
16 0 1
14
13
13
13
12
12
12
12
12
11
11
11
11
11
11
11
11
11
11
11
11
11
11
11
11
11
11
11
11
11
11
11
11
11
11
11
11
11
11
11
11
11
11
12
12
12
12
12
12
12
12
12
12
13
13
13
13
13
13
13
13
12
12
12
12
12
12
12
13
14
15
17 0 -1
19 0 -1
21 0 -1
23
23
23
24
24
24
24
24
24
24
24
24
24
24
25
25
25
25
25
25
25
25
25
25
26
26
26
26
26
26
25
25
25
25
24
24
24
24
24
25
24
24
24
24
24
24
23
23
23
22
22 0 1
20 0 1
19 0 1
16 0 1
14 0 1
13
13
13
12
12
12
12
12
11
11
11
11
11
11
11
11
11
11
11
11
11
11
11
11
11
11
11
11
11
11
11
11
11
11
11
11
11
11
11
11
12
11
12
12
12
12
12
12
12
12
12
13
13
13
13
13
13
13
13
13
12
12
12
12
12
12
12
13
14
15 0 -1
16 0 -1
19 0 -1
21 0 -1
22
23
23
23
24
24
24
24
24
24
24
24
24
24
24
24
24
24
24
25
25
25
25
25
26
26
26
26
26
26
25
25
25
25
24
24
24
24
24
24
24
24
24
24
24
23
23
23
22
22
21
20 0 1
19 0 1
16 0 1
14 0 1
13
13
13
12
12
12
12
12
12
12
11
11
11
11
11
11
11
11
11
11
11
11
11
11
11
11
11
11
11
11
11
11
11
11
11
11
11
11
11
11
12
12
12
12
12
12
12
12
12
12
12
13
13
13
13
13
13
13
13
13
13
12
12
12
12
12
12
13
14
15 0 -1
16 0 -1
19 0 -1
21 0 -1
22
23
23
23
23
24
24
24
24
24
24
24
24
24
24
24
24
24
24
24
24
25
25
25
26
26
26
26
26
26
25
25
25
24
24
24
24
24
24
24
24
24
24
24
23
23
23
23
22
22
21
20 0 1
18 0 1
16 0 1
14 0 1
13
13
13
12
12
12
12
12
12
12
11
11
11
11
11
11
11
11
11
11
11
11
11
11
11
11
11
11
11
11
11
11
11
11
11
11
12
12
11
12
12
12
12
12
12
12
12
12
12
12
12
13
13
13
13
13
13
13
13
13
13
12
12
12
12
12
12
13
14
15 0 -1
16 0 -1
19 0 -1
21 0 -1
22
23
23
23
23
23
23
24
24
24
24
24
24
24
24
24
24
24
24
24
24
25
25
25
25
26
26
26
26
25
25
25
24
24
24
24
24
24
24
24
24
24
24
24
23
23
23
22
22
22
21
20 0 1
18 0 1
16 0 1
14 0 1
13
13
13
12
12
12
12
12
12
12
12
12
11
11
11
12
12
11
11
11
11
11
11
11
11
11
11
11
11
11
11
11
11
11
11
12
12
12
12
12
12
12
12
12
12
12
12
12
12
12
12
13
13
13
13
13
13
13
13
13
13
13
12
12
12
12
13
13
14
15 0 -1
17 0 -1
19 0 -1
20
22
22
23
23
23
23
23
23
24
24
24
24
24
24
24
24
24
24
24
24
24
25
25
25
25
26
26
26
26
25
25
25
24
24
24
24
24
24
24
24
24
24
24
24
23
23
23
23
22
22
21
20 0 1
18 0 1
16 0 1
14
14
13
13
12
12
12
12
12
12
12
12
12
12
12
12
12
12
11
11
11
11
11
11
11
11
11
11
11
11
11
11
11
11
11
11
12
12
12
12
12
12
12
12
12
12
12
12
12
12
12
12
13
13
13
13
13
13
13
13
13
13
13
12
12
12
13
13
13
14
15 0 -1
17 0 -1
19 0 -1
20 0 -1
22
22
23
23
23
23
23
23
24
24
24
24
24
24
24
24
24
24
24
24
24
25
25
25
25
25
26
26
26
25
25
25
24
24
24
24
24
24
24
24
24
24
24
24
23
23
23
22
22
22
21 0 1
20
18 0 1
16 0 1
15
14
13
13
12
12
12
12
12
12
12
12
12
12
12
12
12
12
12
11
11
11
11
11
11
11
11
11
11
11
11
11
11
11
11
11
11
12
11
12
12
12
12
12
12
12
12
12
12
12
12
12
13
13
13
13
13
13
13
13
13
13
13
12
12
12
12
13
13
14
15
17 0 -1
19 0 -1
20 0 -1
22
22
23
23
23
23
23
23
23
23
24
24
24
24
24
24
24
24
24
24
24
24
24
25
25
25
26
26
25
25
25
24
24
24
24
24
24
24
24
24
24
24
24
23
23
23
23
22
22
21
21
20
18 0 1
16 0 1
15
14
13
13
13
12
12
12
12
12
12
12
12
12
12
12
12
12
12
12
11
11
11
11
11
11
11
11
11
11
11
11
11
11
11
11
11
12
12
12
12
12
12
12
12
12
12
12
12
12
12
13
13
13
13
13
13
13
13
13
13
13
13
12
12
12
13
13
13
14 0 -1
15 0 -1
17 0 -1
18 0 -1
20 0 -1
21
22
22
23
23
23
23
23
23
23
23
24
24
24
24
24
24
24
24
24
24
24
24
24
25
25
26
26
25
25
25
24
24
24
24
24
24
24
24
24
24
24
24
23
23
23
22
22
22
21
21
20
18 0 1
16 0 1
15
14
13
13
13
13
12
12
12
12
12
12
12
12
12
12
12
12
12
12
12
12
12
11
11
11
11
11
11
11
11
11
11
11
11
11
11
12
12
12
12
12
12
12
12
12
12
12
12
12
13
13
13
13
13
13
13
14
14
13
13
13
13
12
12
12
13
13
13
14 0 -1
15
16 0 -1
18 0 -1
20
21 0 -1
22
22
22
22
23
23
23
23
23
23
23
23
23
23
23
24
24
24
24
24
24
24
24
25
25
25
26
25
25
24
24
24
24
24
24
23
23
23
24
24
24
23
23
23
23
22
22
22
21
20
19
18 0 1
16 0 1
15
14
13
13
13
13
12
12
12
12
12
12
12
12
12
12
12
12
11
12
12
12
12
11
11
11
11
11
11
11
11
11
11
11
11
11
11
12
12
11
12
12
12
12
12
12
12
12
12
13
13
13
13
13
13
13
13
14
14
13
13
13
13
13
12
12
12
13
13
14
15
16 0 -1
18 0 -1
20 0 -1
21
22
22
22
22
22
23
23
23
23
23
23
23
23
23
23
23
23
23
24
24
24
24
24
25
25
25
25
25
25
24
24
24
24
24
23
23
23
24
24
23
23
23
23
23
23
22
22
21
21
20
19
18 0 1
16 0 1
15
14
13
13
13
13
12
12
12
12
12
12
12
12
12
12
12
12
12
12
12
12
12
12
12
12
11
11
11
11
11
11
11
11
11
11
11
12
12
11
12
12
12
12
12
12
12
12
12
12
13
13
13
13
13
13
13
14
14
13
13
13
13
13
13
12
12
13
13
14
15
16 0 -1
18 0 -1
20 0 -1
21
21
22
22
22
22
22
23
22
23
23
23
23
23
23
23
23
23
23
23
24
24
24
24
25
25
25
25
25
25
24
24
24
24
23
23
23
23
23
23
23
23
23
23
23
22
22
22
21
21
20
19
18 0 1
16 0 1
15
14
13
13
13
12
12
12
12
12
12
12
12
12
12
12
12
12
12
12
12
12
12
12
12
12
12
11
11
11
11
11
11
11
11
12
12
12
12
12
12
12
12
12
12
12
12
12
13
12
13
13
13
13
13
13
13
14
14
13
13
13
13
13
13
13
12
13
13
14
15 0 -1
16 0 -1
18 0 -1
19
20
21
22
22
22
22
22
22
22
23
23
23
23
23
23
23
23
23
23
23
24
24
24
24
25
25
25
25
25
25
24
24
24
23
23
23
23
23
23
23
23
23
23
23
23
22
22
22
21
21
20
19
18 0 1
16 0 1
15
14
13
13
13
13
12
12
12
12
12
12
12
12
12
12
12
12
12
12
12
12
12
12
12
12
12
12
12
12
12
12
12
12
12
12
12
12
12
12
12
12
12
12
12
12
12
12
13
13
13
13
13
13
13
13
13
14
14
14
13
13
13
13
13
12
12
13
13
14
15 0 -1
16 0 -1
18 0 -1
19
20
21
22
22
22
22
22
22
22
22
23
23
23
23
23
23
23
23
23
23
23
23
24
24
24
25
25
25
25
24
24
24
23
23
23
23
23
23
23
23
23
23
23
23
22
22
22
21
21
21
20
19
18 0 1
16 0 1
15
14
13
13
13
13
13
12
12
12
12
12
12
12
12
12
12
12
12
12
12
12
12
12
12
12
12
12
12
12
12
12
12
12
12
12
12
12
12
12
12
12
12
12
12
12
12
13
13
13
13
13
13
13
13
13
13
14
14
14
13
13
13
13
13
12
12
13
13
14
15 0 -1
16
18 0 -1
19
20
21
21
22
22
22
22
22
22
22
22
23
23
23
23
23
23
23
23
23
23
23
23
24
24
25
25
25
25
24
24
24
23
23
23
23
23
23
23
23
23
23
23
23
22
22
22
21
21
20
20
19
18 0 1
16 0 1
15
14
14
13
13
13
13
12
12
12
12
12
12
12
12
12
12
12
12
12
12
12
12
12
12
12
12
12
12
12
12
12
12
12
12
12
12
12
12
12
12
12
12
12
13
12
12
13
13
13
13
13
13
13
14
14
14
14
14
14
13
13
13
13
12
12
13
13
13
14
14
16 0 -1
17 0 -1
19 0 -1
20
21
21
21
22
22
22
22
22
22
22
22
22
22
22
22
22
22
23
23
23
23
23
24
24
24
25
25
25
24
24
24
23
23
23
23
23
23
23
23
23
23
23
23
22
22
21
21
21
20
20
19
18 0 1
16 0 1
15
14
14
13
13
13
13
12
12
13
12
12
12
12
12
12
12
12
12
12
12
12
12
12
12
12
12
12
12
12
12
12
12
12
12
12
12
12
12
12
12
12
12
12
12
12
13
13
13
13
13
13
13
13
13
14
14
14
14
14
14
13
13
13
13
12
13
13
13
14
15
16
17 0 -1
19
20
20
21
21
21
21
21
22
22
22
22
22
22
22
22
22
22
22
23
23
23
23
23
24
24
25
25
25
25
24
24
24
23
23
23
23
22
23
23
23
23
23
23
23
22
22
21
21
20
20
20
19
17 0 1
16 0 1
15
14
14
13
13
13
13
13
12
12
13
12
12
12
12
12
12
12
12
12
12
12
12
12
12
12
12
12
12
12
12
12
12
12
12
12
12
12
12
12
12
12
12
12
12
12
13
13
13
13
13
13
13
13
13
14
14
14
14
14
14
13
13
13
13
13
13
13
13
14
14
16 0 -1
17 0 -1
19
19
20
21
21
21
21
21
21
22
22
22
22
22
22
22
22
22
22
22
23
23
23
23
24
24
25
25
25
24
24
24
23
23
23
23
22
22
22
23
23
23
23
23
22
22
22
21
21
20
20
19
19
17 0 1
16
15
14
13
13
13
13
13
12
12
12
12
12
12
12
12
12
12
12
12
12
12
12
12
12
12
12
12
12
12
12
12
12
12
12
12
12
12
12
12
12
12
12
12
12
12
12
13
13
13
13
13
13
13
13
13
14
14
14
14
14
14
13
13
13
13
12
13
13
13
14
15
15 0 -1
17 0 -1
18
19
20
20
21
21
21
21
21
21
21
22
22
21
21
21
22
22
22
22
22
23
23
23
23
24
24
25
25
24
24
24
23
23
23
22
22
22
22
22
23
23
23
22
22
22
21
21
21
20
20
19
18
17 0 1
16
15
14
13
13
13
13
12
12
12
12
12
12
12
12
12
12
12
12
12
12
12
12
12
12
12
12
12
12
12
12
12
12
12
12
12
12
12
12
12
12
12
12
12
12
12
12
13
13
13
13
13
13
13
13
14
14
14
14
14
14
13
13
13
13
13
12
13
13
13
14
15
16 0 -1
17 0 -1
18 0 -1
19
20
20
21
21
21
21
21
21
21
21
22
21
21
21
22
22
22
22
22
22
23
23
23
24
24
24
24
24
24
24
23
23
23
22
22
22
22
22
22
23
22
22
22
22
21
21
20
20
20
19
18
17 0 1
16 0 1
15
14
13
13
13
13
12
12
12
12
12
12
12
12
12
12
12
12
12
12
12
12
12
12
12
12
12
12
12
12
12
12
12
12
12
12
12
12
12
12
12
12
12
12
12
13
13
13
13
13
13
13
13
13
13
14
14
14
14
14
14
13
13
13
13
12
13
13
13
14
15
15
17 0 -1
18 0 -1
19
20
20
20
21
21
21
21
21
21
21
21
21
21
21
21
22
22
22
22
22
23
23
23
24
24
24
24
24
24
23
23
23
22
22
22
22
22
22
22
22
22
22
22
22
21
21
20
20
19
19
18
17
16
15
14
13
13
13
13
12
12
12
12
12
12
12
12
12
12
11
11
12
11
11
12
12
12
11
11
12
12
12
11
12
12
12
12
12
12
12
12
12
12
12
12
12
12
12
12
13
13
13
13
13
13
13
13
13
14
14
14
14
14
14
14
13
13
13
13
13
13
13
14
15
16 0 -1
17
18 0 -1
19
19
20
20
20
21
21
21
21
21
21
21
21
21
21
21
22
22
22
22
22
22
23
23
24
24
24
24
24
24
23
23
23
22
22
22
22
22
22
22
22
22
22
21
21
21
20
20
20
19
19
18 0 1
17
16
15
14
13
13
13
13
12
12
12
12
12
12
12
11
11
11
11
11
11
11
11
11
11
11
11
11
12
12
11
11
12
12
12
12
12
12
12
12
12
12
12
12
12
12
12
12
12
13
13
13
13
13
13
13
13
14
14
14
14
14
14
14
13
13
13
13
13
13
13
14
14
15 0 -1
17
18
19
19
20
20
20
20
21
21
21
21
21
21
21
21
21
21
21
22
22
22
22
22
23
23
24
24
24
24
24
24
23
23
22
22
22
22
22
22
22
22
22
22
22
21
21
21
20
20
19
19
19
18
17
16
15
14
13
13
13
12
12
12
12
12
12
12
11
11
11
11
11
11
11
11
11
11
11
11
11
11
11
11
11
11
11
12
11
11
12
12
12
12
12
12
12
12
12
12
12
12
12
12
13
13
13
13
13
13
13
13
14
14
14
14
14
14
13
13
13
13
13
13
13
14
14
15 0 -1
17
18 0 -1
19
19
19
20
20
20
20
21
21
21
21
21
21
21
21
21
21
21
21
21
22
22
22
23
23
24
24
24
24
24
23
23
22
22
22
22
22
21
22
22
22
22
22
21
21
21
20
20
19
19
18
18
17
16
15
14
13
13
12
12
12
12
12
12
11
12
11
11
11
11
11
11
11
11
11
11
11
11
11
11
11
11
11
11
11
11
11
11
11
12
12
12
12
12
12
12
12
12
12
12
12
12
12
13
13
13
13
13
13
13
14
14
14
14
14
13
13
13
13
12
12
13
13
13
14
15
16
18 0 -1
18
19
19
19
20
20
20
20
20
20
20
21
21
21
21
21
21
21
21
21
21
22
22
23
23
24
24
24
24
23
23
22
22
22
21
21
21
21
21
22
22
22
21
21
21
20
20
20
19
19
18
18
17
16
14
14
13
13
12
12
12
12
11
12
11
11
11
11
11
11
11
11
11
11
11
11
11
11
11
11
11
11
11
11
11
11
11
11
11
11
12
12
11
12
12
12
12
12
12
12
12
12
12
13
13
13
13
13
13
13
14
14
14
14
14
13
13
13
12
12
12
13
13
13
14
15
16 0 -1
17
18
19
19
19
19
20
20
20
20
20
20
20
20
20
20
21
21
21
21
21
21
22
22
22
23
24
24
24
24
23
23
22
22
22
21
21
21
21
21
21
21
21
21
21
21
20
20
19
19
19
18
17
16
15
14
14
13
13
12
12
12
12
11
11
11
11
11
11
11
11
11
11
11
11
11
11
11
11
11
11
11
11
11
11
11
11
11
11
11
11
11
11
11
11
11
12
12
12
12
12
12
12
12
12
13
13
13
13
13
13
13
13
14
14
14
13
13
12
12
12
12
12
13
13
14
15
16 0 -1
17
18
18
19
19
19
19
20
20
20
20
20
20
20
20
20
20
20
21
21
21
21
21
22
23
23
24
24
24
24
23
23
22
22
21
21
21
21
21
21
21
21
21
21
21
20
20
20
19
19
18
18
17
16
15
14
14
13
12
12
12
12
11
11
11
11
11
11
11
11
11
11
11
11
11
11
11
11
11
11
11
11
11
11
11
11
11
11
11
11
11
11
11
11
11
11
11
12
12
12
12
12
12
12
12
12
13
13
13
13
13
13
14
14
14
14
13
13
12
12
12
12
12
13
13
14
15
16 0 -1
17
18
18
19
19
19
19
19
19
19
20
20
20
20
20
20
20
20
20
21
21
21
21
22
22
23
24
24
24
24
23
22
22
21
21
21
21
21
21
21
21
21
21
21
21
20
20
19
19
18
18
17
17
16
15
14
13
13
12
12
12
11
11
11
11
11
11
11
11
11
11
11
11
11
11
11
11
11
11
11
11
11
11
11
11
11
11
11
11
11
11
11
11
11
11
11
11
11
12
12
12
12
12
12
12
12
13
13
13
13
13
13
14
14
14
14
13
13
13
12
12
12
12
13
13
14
15
16
17
18
18
18
19
19
19
19
19
19
19
20
20
20
20
20
20
20
20
20
20
21
21
21
22
23
24
24
24
23
23
22
22
21
21
21
21
21
21
21
21
21
21
21
20
20
20
19
19
18
18
17
17
16
15
14
13
13
12
12
11
11
11
11
11
11
11
11
11
11
11
11
11
11
11
11
11
11
11
11
11
11
11
11
11
11
11
11
11
11
11
11
11
11
11
11
11
12
12
12
12
12
12
12
12
12
13
13
13
13
13
13
14
14
14
14
13
13
13
12
12
12
12
13
13
14
14
15
16
17
18
18
18
19
19
19
19
19
19
19
19
19
19
19
20
20
20
20
20
20
21
21
22
23
23
24
24
23
23
22
22
21
21
21
20
20
20
21
21
21
21
21
20
20
19
19
19
18
18
17
16
15
15
14
13
12
12
12
12
11
11
11
11
11
11
11
11
11
11
11
11
11
11
11
11
11
11
11
11
11
11
11
11
11
11
11
11
11
11
11
11
11
11
12
12
12
12
12
12
12
12
12
12
13
13
13
13
13
13
13
13
14
14
13
13
13
12
12
12
12
12
12
13
14
14
15
16
17
17
18
18
18
18
19
19
19
19
19
19
19
19
19
19
19
19
20
20
20
21
21
22
23
23
23
23
23
23
22
21
21
21
20
20
20
20
20
20
21
21
20
20
20
19
19
18
18
17
17
16
15
14
14
13
12
12
12
12
11
11
11
11
11
11
11
11
11
11
11
11
11
11
11
11
11
11
11
11
11
11
11
11
11
11
11
11
11
12
11
11
11
11
12
12
12
12
12
12
12
12
12
12
13
13
13
13
13
13
14
14
14
14
13
13
13
12
12
12
12
12
12
13
13
14
15
16
17
17
18
18
18
18
18
18
19
19
19
19
19
19
19
19
19
19
19
20
20
20
21
22
22
23
23
23
23
22
22
21
21
20
20
20
20
20
20
20
20
20
20
20
20
19
18
18
18
17
17
16
15
14
13
13
12
12
12
11
11
11
11
11
11
11
11
11
11
11
11
11
11
11
11
11
11
10
11
11
11
11
11
11
11
11
11
11
11
11
11
11
11
11
11
11
12
12
12
12
12
12
12
13
13
13
13
13
13
13
13
14
14
14
13
13
13
12
12
12
12
12
12
13
13
14
15
16
17
17
17
18
18
18
18
18
18
18
19
19
19
19
19
19
19
19
19
20
20
20
21
21
22
23
23
23
23
22
22
21
21
20
20
20
20
20
20
20
20
20
20
20
19
19
18
18
18
17
17
16
15
14
13
13
12
12
12
11
11
11
11
11
11
11
11
11
11
11
11
11
11
11
11
11
11
11
11
11
11
11
11
11
11
11
11
11
11
11
11
11
11
11
11
11
12
12
12
12
12
12
12
13
13
13
13
13
13
13
14
14
14
14
13
13
13
12
12
12
12
12
12
13
13
14
15
16
16
17
17
18
18
18
18
18
18
18
18
18
19
19
19
19
19
19
19
19
20
20
21
21
22
23
23
23
23
22
21
21
20
20
20
20
20
20
20
20
20
20
20
20
19
19
18
18
17
17
16
16
15
14
13
13
12
12
12
11
11
11
11
11
11
11
11
11
11
11
11
11
11
11
11
11
11
11
11
11
11
11
11
11
11
11
11
11
11
11
11
11
11
11
11
12
12
12
12
12
12
12
12
12
12
13
13
13
13
13
13
14
14
14
14
13
13
12
12
12
12
12
12
13
13
14
15
16
16
17
17
17
18
18
18
18
18
18
18
18
18
18
19
19
19
19
19
19
20
20
21
21
22
23
23
23
23
22
21
21
20
20
20
20
20
20
20
20
20
20
20
20
19
19
18
18
17
17
16
16
15
14
13
13
12
12
11
11
11
11
11
11
11
11
10
11
11
11
11
11
11
11
11
11
11
11
11
11
11
11
11
11
11
11
11
11
11
11
11
11
11
11
11
12
12
12
12
12
12
12
12
12
12
12
13
13
13
13
13
13
14
14
13
13
13
13
12
12
12
12
12
13
13
14
15
15
16
17
17
17
17
18
18
18
18
18
18
18
18
18
18
18
19
19
19
19
20
20
20
21
22
23
23
23
23
22
21
21
20
20
20
20
20
20
20
20
20
20
20
20
19
19
18
18
17
17
16
15
15
14
13
12
12
12
11
11
11
11
11
11
11
10
10
10
11
11
11
11
11
11
11
11
11
11
11
11
11
11
11
11
11
11
11
11
11
11
11
11
11
11
11
12
11
12
12
12
12
12
12
12
12
12
13
13
13
13
13
13
14
14
13
13
13
12
12
12
12
12
12
13
13
14
15
15
16
16
17
17
17
17
18
17
18
18
18
18
18
18
18
18
18
19
19
19
19
20
20
21
22
23
23
23
23
22
21
21
20
20
20
20
20
19
19
20
20
20
20
20
19
19
18
17
17
17
16
15
15
14
13
12
12
12
11
11
11
11
11
11
11
10
10
10
10
11
11
11
11
11
11
11
11
11
11
11
11
11
11
11
11
11
11
11
11
11
11
11
11
11
11
11
11
12
12
12
12
12
12
12
12
12
12
13
13
13
13
14
14
14
13
13
13
12
12
12
12
12
12
13
13
14
15
15
16
16
17
17
17
17
17
17
18
18
18
18
18
18
18
18
18
18
19
19
19
20
20
21
22
23
23
23
22
22
21
20
20
20
19
19
19
19
19
19
19
19
20
19
19
18
18
17
17
16
16
15
14
14
13
12
12
12
11
11
11
11
11
10
11
10
10
10
10
11
10
11
11
11
11
11
11
10
11
11
11
11
11
11
11
11
11
11
11
11
11
11
11
11
11
11
11
11
12
12
12
12
12
12
12
12
12
13
13
13
13
14
14
14
13
13
13
12
12
12
12
12
12
12
13
14
14
15
16
16
16
17
17
17
17
17
17
17
18
18
18
18
18
18
18
18
18
18
19
19
20
21
21 0 -1
22
23
23
22
21
21
20
20
20
19
19
19
19
19
19
19
19
19
19
18
18
17
17
17
16
16
15
14
14
13
12
12
12
11
11
11
11
11
10
10
11
10
10
10
10
10
11
11
11
11
10
10
10
11
11
11
11
11
11
11
11
11
11
11
11
11
11
11
11
11
11
11
11
12
12
12
12
12
12
12
12
12
13
13
13
13
14
14
14
13
13
13
12
12
12
12
12
12
12
13
14
14
15
15
16
16
16
16
17
17
17
17
17
17
17
17
17
18
18
18
18
18
18
19
19
20
20
21 0 -1
22
23
23
22
21
20
20
20
19
19
19
19
19
19
19
19
19
19
19
18
18
17
17
16
16
15
15
14
14
13
12
12
11
11
11
11
11
11
11
11
11
11
10
10
10
10
11
10
10
10
10
11
10
11
11
11
11
11
11
11
11
11
11
11
11
11
11
11
11
11
12
12
12
12
12
12
12
12
12
13
13
13
13
13
13
13
14
14
14
13
13
13
12
12
12
12
12
12
12
13
14
14
15
15
16
16
16
16
17
17
17
17
17
17
17
17
17
17
17
18
18
18
18
19
19
19
20
21 0 -1
22
22
22
22
21
20
20
20
19
19
19
19
19
19
19
19
19
19
19
18
18
17
17
16
16
15
15
14
14
13
13
12
11
11
11
11
11
11
11
11
11
10
10
10
10
10
10
10
10
10
10
11
11
11
11
11
11
11
11
11
11
11
11
11
11
11
11
11
11
11
11
12
12
12
12
12
12
12
12
13
13
13
13
13
13
13
14
14
14
13
13
12
12
12
12
12
12
12
12
13
13
14
15
15
16
16
16
16
16
17
17
17
17
17
17
17
17
17
17
17
18
17
18
18
19
19
20
21 0 -1
22
22
22
22
21
20
20
19
19
19
19
19
19
19
19
19
19
19
19
18
18
17
16
16
16
15
15
14
13
13
12
12
12
11
11
11
11
11
11
11
11
10
10
11
10
10
10
10
10
10
10
11
10
11
10
11
11
11
11
11
11
11
11
11
11
11
11
11
11
11
11
12
11
12
12
12
12
12
12
13
13
13
13
13
14
14
14
14
14
13
13
12
12
12
12
12
12
12
12
13
13
14
14
15
16
16
16
16
16
16
17
17
17
17
17
17
17
17
17
17
18
18
18
18
19
19
20
21 0 -1
22
22
22
22
21
20
20
19
19
19
19
19
19
19
19
19
19
19
18
18
18
17
16
16
16
15
15
14
13
13
12
12
11
11
11
11
11
11
11
11
11
11
10
11
10
10
10
11
10
10
10
10
10
10
10
11
11
11
11
11
11
11
11
11
11
11
11
11
11
11
11
11
11
12
12
12
12
12
12
12
13
13
13
13
13
14
14
14
14
13
13
13
12
12
12
12
12
12
12
13
13
14
14
15
16
16
16
16
16
16
16
17
17
17
17
17
17
17
17
17
17
17
18
18
19
19
20
21
22
22
22
22
21
20
20
20
19
19
19
19
19
19
19
19
19
19
19
18
17
17
16
16
15
15
15
14
13
13
12
12
11
11
11
11
11
11
11
11
11
11
11
11
10
10
11
11
11
10
10
10
10
10
10
11
11
11
11
11
11
11
11
11
11
11
11
11
11
11
11
11
11
12
12
12
12
12
12
12
13
13
13
13
14
14
14
14
14
13
13
13
12
12
12
12
12
12
13
13
13
14
14
15
15
16
16
16
16
16
16
16
17
17
17
17
17
17
17
17
17
17
18
18
19
19
20
21
22
22
22
22
21
20
20
19
19
19
18
19
19
19
19
19
19
19
18
18
17
17
16
16
15
15
14
14
13
13
12
12
11
11
11
11
11
11
11
11
11
11
11
11
10
11
11
11
10
10
10
10
11
10
11
11
11
11
11
11
11
11
11
11
11
11
11
11
11
11
11
11
11
11
12
12
12
12
12
12
12
13
13
13
14
14
14
14
14
13
13
13
12
12
12
12
12
12
13
13
13
14
14
15
15
16
16
16
16
16
16
16
16
16
17
17
17
17
17
17
17
17
18
18
19
19
20
21 0 -1
22
22
22
22
21
20
20
19
19
19
18
18
18
18
19
19
19
19
18
18
17
16
16
16
15
15
14
14
13
12
12
12
11
11
11
11
11
11
11
11
11
11
11
11
11
11
11
11
11
10
10
10
11
11
11
11
11
11
10
10
11
11
11
11
11
11
11
11
11
11
11
11
11
11
12
12
12
12
12
12
13
13
13
13
14
14
14
14
14
13
13
12
12
12
12
12
12
12
13
13
13
14
14
15
15
15
15
16
16
16
16
16
16
16
16
17
17
17
17
17
17
17
17
18
18
19
20
21 0 -1
22
22
22
22
21
20
19
19
19
18
18
18
18
18
19
19
19
19
18
18
17
16
16
15
15
15
14
13
13
12
12
12
12
11
11
11
11
11
11
11
11
11
11
11
11
11
11
11
11
10
10
10
10
11
11
11
11
11
10
10
11
11
11
11
11
11
11
11
11
11
11
11
11
11
11
12
12
12
12
13
13
13
13
13
14
14
14
14
13
13
13
12
12
12
12
12
12
12
12
13
13
13
14
14
15
15
15
15
15
16
16
16
16
16
16
16
16
17
17
17
17
17
17
18
18
19
20
21
21
22
22
21
21
20
19
19
18
18
18
18
18
18
18
19
19
19
18
18
17
16
16
15
15
14
14
13
13
12
12
12
12
11
11
11
11
11
11
11
11
11
11
11
11
11
11
11
10
10
10
10
10
11
11
11
11
11
10
11
11
11
11
11
11
11
11
11
11
11
11
11
11
11
11
12
12
12
12
12
13
13
13
13
13
14
14
14
13
13
13
13
12
12
12
12
12
12
12
13
13
13
14
14
15
15
15
15
15
15
15
16
16
16
16
16
16
16
16
17
17
17
17
18
18
19
20
21
21
22
22
21
21
20
19
19
18
18
18
18
18
18
18
19
19
18
18
17
17
16
16
15
15
14
14
13
13
12
12
12
12
11
11
11
11
11
11
11
11
11
11
11
11
11
11
11
11
11
11
11
11
11
11
11
11
10
11
11
11
11
11
11
11
11
11
11
11
11
12
11
12
12
12
12
12
12
12
12
13
13
13
13
14
14
14
14
13
13
13
12
12
12
12
12
12
12
12
13
13
13
14
14
14
15
15
15
15
15
15
15
15
16
16
16
16
16
16
16
17
17
17
17
18
19
19
21
21
22
21
21
21
20
19
19
18
18
18
18
18
18
18
18
19
18
18
17
17
16
16
15
15
14
14
13
13
12
12
12
11
11
11
11
11
11
11
11
11
11
11
11
11
11
11
11
11
11
11
11
11
11
11
11
11
11
11
11
11
11
11
11
11
11
11
11
11
12
12
12
12
12
12
12
12
12
12
13
13
13
13
13
14
14
14
14
13
13
13
12
12
12
12
12
12
12
12
12
13
13
13
14
14
14
15
15
15
15
15
15
15
15
15
16
16
16
16
16
16
17
17
17
18
18
19
20
21
21
21
21
20
20
19
19
18
18
18
18
18
18
18
18
18
18
18
17
17
16
16
15
15
14
14
13
13
12
12
12
11
11
11
11
11
11
11
11
11
11
11
11
11
11
11
11
11
11
11
11
11
11
11
11
11
11
11
11
11
11
11
11
11
11
11
11
11
12
12
12
12
12
12
12
12
12
12
13
13
13
13
13
14
14
14
14
13
13
13
12
12
12
12
12
12
12
12
12
13
13
13
14
14
14
14
15
15
15
15
15
15
15
16
16
16
16
16
16
16
16
17
17
18
18
19
20
21
21
21
21
20
20
19
19
18
18
18
18
18
18
18
18
18
18
18
17
17
16
16
15
15
14
14
13
13
12
12
12
11
11
11
11
11
11
11
11
11
11
11
11
11
11
11
11
11
11
11
11
11
11
11
11
11
11
11
11
11
11
11
11
11
11
11
12
12
12
12
12
12
12
12
12
12
12
13
13
13
13
13
13
14
14
14
14
